1.000000000000000000e+00 1.000000000000000000e+00 1.521307528018951416e-01 1.172944754362106323e-01
2.000000000000000000e+00 2.000000000000000000e+00 1.360469758510589600e-01 1.049618422985076904e-01
3.000000000000000000e+00 3.000000000000000000e+00 1.175344735383987427e-01 9.073087573051452637e-02
4.000000000000000000e+00 4.000000000000000000e+00 1.003304719924926758e-01 7.746860384941101074e-02
5.000000000000000000e+00 5.000000000000000000e+00 8.661182224750518799e-02 6.682768464088439941e-02
6.000000000000000000e+00 6.000000000000000000e+00 7.673000544309616089e-02 5.910225957632064819e-02
7.000000000000000000e+00 7.000000000000000000e+00 7.006667554378509521e-02 5.382867902517318726e-02
8.000000000000000000e+00 8.000000000000000000e+00 6.547008454799652100e-02 5.018607899546623230e-02
9.000000000000000000e+00 9.000000000000000000e+00 6.210907548666000366e-02 4.754082858562469482e-02
1.000000000000000000e+01 1.000000000000000000e+01 5.944710224866867065e-02 4.547163471579551697e-02
1.100000000000000000e+01 1.100000000000000000e+01 5.718182399868965149e-02 4.374304413795471191e-02
1.200000000000000000e+01 1.200000000000000000e+01 5.515548586845397949e-02 4.222625866532325745e-02
1.300000000000000000e+01 1.300000000000000000e+01 5.330660939216613770e-02 4.086011648178100586e-02
1.400000000000000000e+01 1.400000000000000000e+01 5.157861113548278809e-02 3.960007801651954651e-02
1.500000000000000000e+01 1.500000000000000000e+01 4.998881369829177856e-02 3.844394534826278687e-02
1.600000000000000000e+01 1.600000000000000000e+01 4.853288084268569946e-02 3.738236799836158752e-02
1.700000000000000000e+01 1.700000000000000000e+01 4.720438271760940552e-02 3.641492128372192383e-02
1.800000000000000000e+01 1.800000000000000000e+01 4.600105062127113342e-02 3.553585708141326904e-02
1.900000000000000000e+01 1.900000000000000000e+01 4.492145031690597534e-02 3.474631533026695251e-02
2.000000000000000000e+01 2.000000000000000000e+01 4.396015405654907227e-02 3.404162451624870300e-02
2.100000000000000000e+01 2.100000000000000000e+01 4.309696331620216370e-02 3.340972959995269775e-02
2.200000000000000000e+01 2.200000000000000000e+01 4.232185333967208862e-02 3.283897414803504944e-02
2.300000000000000000e+01 2.300000000000000000e+01 4.161462932825088501e-02 3.231818601489067078e-02
2.400000000000000000e+01 2.400000000000000000e+01 4.094541817903518677e-02 3.182780742645263672e-02
2.500000000000000000e+01 2.500000000000000000e+01 4.030113667249679565e-02 3.135753795504570007e-02
2.600000000000000000e+01 2.600000000000000000e+01 3.967454284429550171e-02 3.090099245309829712e-02
2.700000000000000000e+01 2.700000000000000000e+01 3.905580937862396240e-02 3.045069798827171326e-02
2.800000000000000000e+01 2.800000000000000000e+01 3.845218569040298462e-02 3.001249767839908600e-02
2.900000000000000000e+01 2.900000000000000000e+01 3.786893934011459351e-02 2.958871051669120789e-02
3.000000000000000000e+01 3.000000000000000000e+01 3.730933740735054016e-02 2.918307110667228699e-02
3.100000000000000000e+01 3.100000000000000000e+01 3.678122162818908691e-02 2.879964187741279602e-02
3.200000000000000000e+01 3.200000000000000000e+01 3.628160059452056885e-02 2.843757160007953644e-02
3.300000000000000000e+01 3.300000000000000000e+01 3.580908477306365967e-02 2.809566631913185120e-02
3.400000000000000000e+01 3.400000000000000000e+01 3.536151722073554993e-02 2.777179889380931854e-02
3.500000000000000000e+01 3.500000000000000000e+01 3.493738174438476562e-02 2.746506966650485992e-02
3.600000000000000000e+01 3.600000000000000000e+01 3.452947735786437988e-02 2.717042714357376099e-02
3.700000000000000000e+01 3.700000000000000000e+01 3.413440287113189697e-02 2.688523568212985992e-02
3.800000000000000000e+01 3.800000000000000000e+01 3.375114873051643372e-02 2.660829573869705200e-02
3.900000000000000000e+01 3.900000000000000000e+01 3.337976336479187012e-02 2.633930370211601257e-02
4.000000000000000000e+01 4.000000000000000000e+01 3.302169963717460632e-02 2.607876621186733246e-02
4.100000000000000000e+01 4.100000000000000000e+01 3.267546743154525757e-02 2.582639083266258240e-02
4.200000000000000000e+01 4.200000000000000000e+01 3.234180063009262085e-02 2.558231912553310394e-02
4.300000000000000000e+01 4.300000000000000000e+01 3.201889246702194214e-02 2.534585818648338318e-02
4.400000000000000000e+01 4.400000000000000000e+01 3.170661628246307373e-02 2.511748671531677246e-02
4.500000000000000000e+01 4.500000000000000000e+01 3.140364587306976318e-02 2.489655837416648865e-02
4.600000000000000000e+01 4.600000000000000000e+01 3.110987879335880280e-02 2.468271553516387939e-02
4.700000000000000000e+01 4.700000000000000000e+01 3.082467243075370789e-02 2.447481080889701843e-02
4.800000000000000000e+01 4.800000000000000000e+01 3.054697066545486450e-02 2.427219972014427185e-02
4.900000000000000000e+01 4.900000000000000000e+01 3.027662076056003571e-02 2.407444082200527191e-02
5.000000000000000000e+01 5.000000000000000000e+01 3.001359850168228149e-02 2.388160489499568939e-02
5.100000000000000000e+01 5.100000000000000000e+01 2.975716814398765564e-02 2.369351312518119812e-02
5.200000000000000000e+01 5.200000000000000000e+01 2.950637787580490112e-02 2.350962907075881958e-02
5.300000000000000000e+01 5.300000000000000000e+01 2.926170639693737030e-02 2.332990244030952454e-02
5.400000000000000000e+01 5.400000000000000000e+01 2.902253903448581696e-02 2.315449342131614685e-02
5.500000000000000000e+01 5.500000000000000000e+01 2.878954075276851654e-02 2.298380434513092041e-02
5.600000000000000000e+01 5.600000000000000000e+01 2.856272086501121521e-02 2.281801775097846985e-02
5.700000000000000000e+01 5.700000000000000000e+01 2.834192663431167603e-02 2.265691570937633514e-02
5.800000000000000000e+01 5.800000000000000000e+01 2.812694013118743896e-02 2.250056713819503784e-02
5.900000000000000000e+01 5.900000000000000000e+01 2.791825681924819946e-02 2.234936505556106567e-02
6.000000000000000000e+01 6.000000000000000000e+01 2.771569974720478058e-02 2.220314368605613708e-02
6.100000000000000000e+01 6.100000000000000000e+01 2.751903049647808075e-02 2.206169441342353821e-02
6.200000000000000000e+01 6.200000000000000000e+01 2.732801064848899841e-02 2.192462980747222900e-02
6.300000000000000000e+01 6.300000000000000000e+01 2.714199572801589966e-02 2.179163694381713867e-02
6.400000000000000000e+01 6.400000000000000000e+01 2.696089819073677063e-02 2.166227065026760101e-02
6.500000000000000000e+01 6.500000000000000000e+01 2.678401023149490356e-02 2.153591066598892212e-02
6.600000000000000000e+01 6.600000000000000000e+01 2.661137282848358154e-02 2.141238376498222351e-02
6.700000000000000000e+01 6.700000000000000000e+01 2.644294872879981995e-02 2.129166387021541595e-02
6.800000000000000000e+01 6.800000000000000000e+01 2.627821639180183411e-02 2.117362432181835175e-02
6.900000000000000000e+01 6.900000000000000000e+01 2.611716277897357941e-02 2.105832472443580627e-02
7.000000000000000000e+01 7.000000000000000000e+01 2.596017532050609589e-02 2.094588056206703186e-02
7.100000000000000000e+01 7.100000000000000000e+01 2.580709941685199738e-02 2.083642035722732544e-02
7.200000000000000000e+01 7.200000000000000000e+01 2.565802820026874542e-02 2.073008939623832703e-02
7.300000000000000000e+01 7.300000000000000000e+01 2.551314979791641235e-02 2.062709257006645203e-02
7.400000000000000000e+01 7.400000000000000000e+01 2.537237666547298431e-02 2.052735164761543274e-02
7.500000000000000000e+01 7.500000000000000000e+01 2.523526176810264587e-02 2.043062448501586914e-02
7.600000000000000000e+01 7.600000000000000000e+01 2.510138973593711853e-02 2.033658325672149658e-02
7.700000000000000000e+01 7.700000000000000000e+01 2.497022785246372223e-02 2.024484425783157349e-02
7.800000000000000000e+01 7.800000000000000000e+01 2.484175190329551697e-02 2.015528827905654907e-02
7.900000000000000000e+01 7.900000000000000000e+01 2.471606619656085968e-02 2.006793394684791565e-02
8.000000000000000000e+01 8.000000000000000000e+01 2.459336817264556885e-02 1.998273283243179321e-02
8.100000000000000000e+01 8.100000000000000000e+01 2.447310462594032288e-02 1.989937573671340942e-02
8.200000000000000000e+01 8.200000000000000000e+01 2.435503713786602020e-02 1.981758326292037964e-02
8.300000000000000000e+01 8.300000000000000000e+01 2.423927932977676392e-02 1.973732933402061462e-02
8.400000000000000000e+01 8.400000000000000000e+01 2.412589266896247864e-02 1.965872943401336670e-02
8.500000000000000000e+01 8.500000000000000000e+01 2.401491254568099976e-02 1.958174630999565125e-02
8.600000000000000000e+01 8.600000000000000000e+01 2.390616014599800110e-02 1.950631849467754364e-02
8.700000000000000000e+01 8.700000000000000000e+01 2.379929460585117340e-02 1.943225786089897156e-02
8.800000000000000000e+01 8.800000000000000000e+01 2.369435131549835205e-02 1.935948058962821960e-02
8.900000000000000000e+01 8.900000000000000000e+01 2.359142713248729706e-02 1.928794756531715393e-02
9.000000000000000000e+01 9.000000000000000000e+01 2.349042706191539764e-02 1.921755075454711914e-02
9.100000000000000000e+01 9.100000000000000000e+01 2.339130081236362457e-02 1.914821378886699677e-02
9.200000000000000000e+01 9.200000000000000000e+01 2.329394035041332245e-02 1.907994784414768219e-02
9.300000000000000000e+01 9.300000000000000000e+01 2.319840341806411743e-02 1.901271194219589233e-02
9.400000000000000000e+01 9.400000000000000000e+01 2.310441061854362488e-02 1.894648559391498566e-02
9.500000000000000000e+01 9.500000000000000000e+01 2.301198244094848633e-02 1.888131350278854370e-02
9.700000000000000000e+01 9.700000000000000000e+01 2.283174917101860046e-02 1.875437051057815552e-02
9.800000000000000000e+01 9.800000000000000000e+01 2.274364978075027466e-02 1.869247853755950928e-02
9.900000000000000000e+01 9.900000000000000000e+01 2.265691757202148438e-02 1.863161474466323853e-02
1.000000000000000000e+02 1.000000000000000000e+02 2.257163822650909424e-02 1.857188157737255096e-02
1.010000000000000000e+02 1.010000000000000000e+02 2.248769998550415039e-02 1.851328834891319275e-02
1.020000000000000000e+02 1.020000000000000000e+02 2.240494452416896820e-02 1.845570839941501617e-02
1.030000000000000000e+02 1.030000000000000000e+02 2.232328988611698151e-02 1.839904487133026123e-02
1.050000000000000000e+02 1.050000000000000000e+02 2.216344699263572693e-02 1.828852668404579163e-02
1.060000000000000000e+02 1.060000000000000000e+02 2.208504080772399902e-02 1.823457330465316772e-02
1.070000000000000000e+02 1.070000000000000000e+02 2.200782299041748047e-02 1.818152330815792084e-02
1.080000000000000000e+02 1.080000000000000000e+02 2.193178236484527588e-02 1.812926866114139557e-02
1.100000000000000000e+02 1.100000000000000000e+02 2.178295515477657318e-02 1.802685484290122986e-02
1.110000000000000000e+02 1.110000000000000000e+02 2.171018905937671661e-02 1.797664538025856018e-02
1.120000000000000000e+02 1.120000000000000000e+02 2.163851447403430939e-02 1.792711392045021057e-02
1.140000000000000000e+02 1.140000000000000000e+02 2.149784937500953674e-02 1.783000864088535309e-02
1.150000000000000000e+02 1.150000000000000000e+02 2.142887003719806671e-02 1.778250932693481445e-02
1.160000000000000000e+02 1.160000000000000000e+02 2.136069722473621368e-02 1.773563399910926819e-02
1.180000000000000000e+02 1.180000000000000000e+02 2.122688293457031250e-02 1.764371246099472046e-02
1.190000000000000000e+02 1.190000000000000000e+02 2.116119861602783203e-02 1.759859547019004822e-02
1.200000000000000000e+02 1.200000000000000000e+02 2.109624072909355164e-02 1.755399815738201141e-02
1.220000000000000000e+02 1.220000000000000000e+02 2.096873149275779724e-02 1.746631227433681488e-02
1.230000000000000000e+02 1.230000000000000000e+02 2.090623043477535248e-02 1.742321997880935669e-02
1.250000000000000000e+02 1.250000000000000000e+02 2.078336104750633240e-02 1.733842119574546814e-02
1.260000000000000000e+02 1.260000000000000000e+02 2.072293683886528015e-02 1.729664206504821777e-02
1.270000000000000000e+02 1.270000000000000000e+02 2.066321857273578644e-02 1.725527271628379822e-02
1.290000000000000000e+02 1.290000000000000000e+02 2.054590731859207153e-02 1.717408373951911926e-02
1.300000000000000000e+02 1.300000000000000000e+02 2.048822492361068726e-02 1.713421382009983063e-02
1.320000000000000000e+02 1.320000000000000000e+02 2.037470228970050812e-02 1.705582998692989349e-02
1.340000000000000000e+02 1.340000000000000000e+02 2.026337198913097382e-02 1.697917096316814423e-02
1.350000000000000000e+02 1.350000000000000000e+02 2.020859718322753906e-02 1.694147288799285889e-02
1.370000000000000000e+02 1.370000000000000000e+02 2.010067552328109741e-02 1.686729490756988525e-02
1.380000000000000000e+02 1.380000000000000000e+02 2.004749327898025513e-02 1.683076284825801849e-02
1.400000000000000000e+02 1.400000000000000000e+02 1.994250528514385223e-02 1.675876975059509277e-02
1.410000000000000000e+02 1.410000000000000000e+02 1.989077031612396240e-02 1.672339439392089844e-02
1.430000000000000000e+02 1.430000000000000000e+02 1.978869549930095673e-02 1.665399596095085144e-02
1.450000000000000000e+02 1.450000000000000000e+02 1.968839764595031738e-02 1.658633351325988770e-02
1.460000000000000000e+02 1.460000000000000000e+02 1.963878795504570007e-02 1.655306294560432434e-02
1.480000000000000000e+02 1.480000000000000000e+02 1.954072341322898865e-02 1.648744940757751465e-02
1.500000000000000000e+02 1.500000000000000000e+02 1.944438740611076355e-02 1.642285659909248352e-02
1.520000000000000000e+02 1.520000000000000000e+02 1.934947818517684937e-02 1.635911129415035248e-02
1.530000000000000000e+02 1.530000000000000000e+02 1.930259913206100464e-02 1.632759720087051392e-02
1.550000000000000000e+02 1.550000000000000000e+02 1.921001821756362915e-02 1.626517809927463531e-02
1.570000000000000000e+02 1.570000000000000000e+02 1.911891624331474304e-02 1.620365306735038757e-02
1.590000000000000000e+02 1.590000000000000000e+02 1.902912184596061707e-02 1.614306680858135223e-02
1.610000000000000000e+02 1.610000000000000000e+02 1.894063875079154968e-02 1.608347706496715546e-02
1.630000000000000000e+02 1.630000000000000000e+02 1.885340735316276550e-02 1.602480001747608185e-02
1.640000000000000000e+02 1.640000000000000000e+02 1.881028525531291962e-02 1.599583961069583893e-02
1.660000000000000000e+02 1.660000000000000000e+02 1.872485131025314331e-02 1.593839004635810852e-02
1.680000000000000000e+02 1.680000000000000000e+02 1.864045485854148865e-02 1.588136702775955200e-02
1.700000000000000000e+02 1.700000000000000000e+02 1.855728030204772949e-02 1.582502946257591248e-02
1.720000000000000000e+02 1.720000000000000000e+02 1.847515627741813660e-02 1.576928421854972839e-02
1.740000000000000000e+02 1.740000000000000000e+02 1.839395053684711456e-02 1.571420021355152130e-02
1.760000000000000000e+02 1.760000000000000000e+02 1.831358298659324646e-02 1.565973460674285889e-02
1.780000000000000000e+02 1.780000000000000000e+02 1.823405735194683075e-02 1.560576539486646652e-02
1.800000000000000000e+02 1.800000000000000000e+02 1.815532520413398743e-02 1.555253192782402039e-02
1.820000000000000000e+02 1.820000000000000000e+02 1.807736232876777649e-02 1.550008356571197510e-02
1.850000000000000000e+02 1.850000000000000000e+02 1.796214841306209564e-02 1.542251370847225189e-02
1.870000000000000000e+02 1.870000000000000000e+02 1.788621768355369568e-02 1.537119597196578979e-02
1.890000000000000000e+02 1.890000000000000000e+02 1.781102269887924194e-02 1.532030943781137466e-02
1.910000000000000000e+02 1.910000000000000000e+02 1.773654110729694366e-02 1.527003664523363113e-02
1.930000000000000000e+02 1.930000000000000000e+02 1.766266860067844391e-02 1.522043067961931229e-02
1.960000000000000000e+02 1.960000000000000000e+02 1.755282282829284668e-02 1.514671090990304947e-02
1.980000000000000000e+02 1.980000000000000000e+02 1.748043298721313477e-02 1.509807351976633072e-02
2.000000000000000000e+02 2.000000000000000000e+02 1.740872114896774292e-02 1.504971459507942200e-02
2.020000000000000000e+02 2.020000000000000000e+02 1.733753271400928497e-02 1.500146836042404175e-02
2.050000000000000000e+02 2.050000000000000000e+02 1.723179966211318970e-02 1.492947712540626526e-02
2.070000000000000000e+02 2.070000000000000000e+02 1.716195419430732727e-02 1.488202903419733047e-02
2.100000000000000000e+02 2.100000000000000000e+02 1.705823466181755066e-02 1.481164805591106415e-02
2.120000000000000000e+02 2.120000000000000000e+02 1.698977500200271606e-02 1.476482767611742020e-02
2.140000000000000000e+02 2.140000000000000000e+02 1.692184433341026306e-02 1.471839938312768936e-02
2.170000000000000000e+02 2.170000000000000000e+02 1.682094112038612366e-02 1.465004496276378632e-02
2.190000000000000000e+02 2.190000000000000000e+02 1.675416529178619385e-02 1.460509188473224640e-02
2.220000000000000000e+02 2.220000000000000000e+02 1.665489003062248230e-02 1.453818380832672119e-02
2.250000000000000000e+02 2.250000000000000000e+02 1.655683666467666626e-02 1.447161287069320679e-02
2.270000000000000000e+02 2.270000000000000000e+02 1.649210415780544281e-02 1.442773453891277313e-02
2.300000000000000000e+02 2.300000000000000000e+02 1.639583148062229156e-02 1.436271518468856812e-02
2.330000000000000000e+02 2.330000000000000000e+02 1.630073040723800659e-02 1.429822947829961777e-02
2.350000000000000000e+02 2.350000000000000000e+02 1.623795554041862488e-02 1.425569225102663040e-02
2.380000000000000000e+02 2.380000000000000000e+02 1.614479906857013702e-02 1.419230177998542786e-02
2.410000000000000000e+02 2.410000000000000000e+02 1.605305820703506470e-02 1.412960607558488846e-02
2.430000000000000000e+02 2.430000000000000000e+02 1.599273085594177246e-02 1.408849284052848816e-02
2.460000000000000000e+02 2.460000000000000000e+02 1.590324752032756805e-02 1.402828283607959747e-02
2.490000000000000000e+02 2.490000000000000000e+02 1.581492274999618530e-02 1.396911870688199997e-02
2.520000000000000000e+02 2.520000000000000000e+02 1.572793163359165192e-02 1.391096133738756180e-02
2.550000000000000000e+02 2.550000000000000000e+02 1.564240641891956329e-02 1.385402493178844452e-02
2.580000000000000000e+02 2.580000000000000000e+02 1.555819064378738403e-02 1.379791274666786194e-02
2.610000000000000000e+02 2.610000000000000000e+02 1.547513995319604874e-02 1.374282035976648331e-02
2.640000000000000000e+02 2.640000000000000000e+02 1.539369486272335052e-02 1.368905976414680481e-02
2.670000000000000000e+02 2.670000000000000000e+02 1.531376875936985016e-02 1.363612059503793716e-02
2.700000000000000000e+02 2.700000000000000000e+02 1.523527316749095917e-02 1.358408480882644653e-02
2.730000000000000000e+02 2.730000000000000000e+02 1.515810098499059677e-02 1.353307440876960754e-02
2.760000000000000000e+02 2.760000000000000000e+02 1.508218143135309219e-02 1.348321232944726944e-02
2.800000000000000000e+02 2.800000000000000000e+02 1.498280838131904602e-02 1.341791264712810516e-02
2.830000000000000000e+02 2.830000000000000000e+02 1.490982435643672943e-02 1.336961518973112106e-02
2.860000000000000000e+02 2.860000000000000000e+02 1.483809761703014374e-02 1.332242880016565323e-02
2.900000000000000000e+02 2.900000000000000000e+02 1.474435627460479736e-02 1.326137781143188477e-02
2.930000000000000000e+02 2.930000000000000000e+02 1.467544212937355042e-02 1.321681402623653412e-02
2.960000000000000000e+02 2.960000000000000000e+02 1.460761390626430511e-02 1.317316573113203049e-02
3.000000000000000000e+02 3.000000000000000000e+02 1.451886817812919617e-02 1.311552431434392929e-02
3.030000000000000000e+02 3.030000000000000000e+02 1.445357128977775574e-02 1.307349745184183121e-02
3.070000000000000000e+02 3.070000000000000000e+02 1.436812244355678558e-02 1.301863603293895721e-02
3.100000000000000000e+02 3.100000000000000000e+02 1.430522371083498001e-02 1.297803968191146851e-02
3.140000000000000000e+02 3.140000000000000000e+02 1.422277186065912247e-02 1.292489841580390930e-02
3.180000000000000000e+02 3.180000000000000000e+02 1.414202339947223663e-02 1.287289429455995560e-02
3.210000000000000000e+02 3.210000000000000000e+02 1.408251654356718063e-02 1.283437013626098633e-02
3.250000000000000000e+02 3.250000000000000000e+02 1.400472410023212433e-02 1.278459746390581131e-02
3.290000000000000000e+02 3.290000000000000000e+02 1.392842922359704971e-02 1.273567322641611099e-02
3.330000000000000000e+02 3.330000000000000000e+02 1.385347172617912292e-02 1.268731895834207535e-02
3.360000000000000000e+02 3.360000000000000000e+02 1.379819400608539581e-02 1.265169493854045868e-02
3.400000000000000000e+02 3.400000000000000000e+02 1.372559554874897003e-02 1.260518655180931091e-02
3.440000000000000000e+02 3.440000000000000000e+02 1.365428883582353592e-02 1.255898177623748779e-02
3.480000000000000000e+02 3.480000000000000000e+02 1.358414255082607269e-02 1.251371297985315323e-02
3.520000000000000000e+02 3.520000000000000000e+02 1.351518929004669189e-02 1.246938575059175491e-02
3.560000000000000000e+02 3.560000000000000000e+02 1.344751566648483276e-02 1.242641825228929520e-02
3.610000000000000000e+02 3.610000000000000000e+02 1.336451526731252670e-02 1.237339898943901062e-02
3.650000000000000000e+02 3.650000000000000000e+02 1.329933479428291321e-02 1.233166083693504333e-02
3.690000000000000000e+02 3.690000000000000000e+02 1.323502883315086365e-02 1.229100953787565231e-02
3.730000000000000000e+02 3.730000000000000000e+02 1.317162439227104187e-02 1.225094683468341827e-02
3.780000000000000000e+02 3.780000000000000000e+02 1.309367176145315170e-02 1.220158766955137253e-02
3.820000000000000000e+02 3.820000000000000000e+02 1.303234696388244629e-02 1.216307375580072403e-02
3.860000000000000000e+02 3.860000000000000000e+02 1.297186780720949173e-02 1.212500594556331635e-02
3.910000000000000000e+02 3.910000000000000000e+02 1.289741601794958115e-02 1.207755319774150848e-02
3.950000000000000000e+02 3.950000000000000000e+02 1.283869799226522446e-02 1.204003579914569855e-02
4.000000000000000000e+02 4.000000000000000000e+02 1.276635099202394485e-02 1.199363172054290771e-02
4.050000000000000000e+02 4.050000000000000000e+02 1.269524078816175461e-02 1.194807328283786774e-02
4.090000000000000000e+02 4.090000000000000000e+02 1.263912953436374664e-02 1.191196963191032410e-02
4.140000000000000000e+02 4.140000000000000000e+02 1.256981771439313889e-02 1.186760049313306808e-02
4.190000000000000000e+02 4.190000000000000000e+02 1.250163931399583817e-02 1.182398479431867599e-02
4.240000000000000000e+02 4.240000000000000000e+02 1.243466138839721680e-02 1.178172230720520020e-02
4.290000000000000000e+02 4.290000000000000000e+02 1.236887741833925247e-02 1.174049824476242065e-02
4.340000000000000000e+02 4.340000000000000000e+02 1.230410858988761902e-02 1.169978640973567963e-02
4.390000000000000000e+02 4.390000000000000000e+02 1.224026829004287720e-02 1.165929157286882401e-02
4.440000000000000000e+02 4.440000000000000000e+02 1.217723079025745392e-02 1.161915995180606842e-02
4.490000000000000000e+02 4.490000000000000000e+02 1.211507339030504227e-02 1.158010587096214294e-02
4.540000000000000000e+02 4.540000000000000000e+02 1.205386966466903687e-02 1.154170464724302292e-02
4.590000000000000000e+02 4.590000000000000000e+02 1.199343241751194000e-02 1.150305662304162979e-02
4.650000000000000000e+02 4.650000000000000000e+02 1.192181371152400970e-02 1.145778317004442215e-02
4.700000000000000000e+02 4.700000000000000000e+02 1.186304725706577301e-02 1.142065785825252533e-02
4.760000000000000000e+02 4.760000000000000000e+02 1.179350912570953369e-02 1.137648150324821472e-02
4.810000000000000000e+02 4.810000000000000000e+02 1.173641066998243332e-02 1.134043000638484955e-02
4.870000000000000000e+02 4.870000000000000000e+02 1.166876219213008881e-02 1.129728741943836212e-02
4.920000000000000000e+02 4.920000000000000000e+02 1.161306910216808319e-02 1.126136165112257004e-02
4.980000000000000000e+02 4.980000000000000000e+02 1.154706720262765884e-02 1.121925562620162964e-02
5.040000000000000000e+02 5.040000000000000000e+02 1.148203015327453613e-02 1.117762178182601929e-02
5.100000000000000000e+02 5.100000000000000000e+02 1.141802221536636353e-02 1.113687362521886826e-02
5.160000000000000000e+02 5.160000000000000000e+02 1.135500147938728333e-02 1.109677180647850037e-02
5.220000000000000000e+02 5.220000000000000000e+02 1.129277981817722321e-02 1.105684507638216019e-02
5.280000000000000000e+02 5.280000000000000000e+02 1.123132370412349701e-02 1.101760473102331161e-02
5.340000000000000000e+02 5.340000000000000000e+02 1.117045246064662933e-02 1.097897253930568695e-02
5.400000000000000000e+02 5.400000000000000000e+02 1.111029461026191711e-02 1.094049960374832153e-02
5.460000000000000000e+02 5.460000000000000000e+02 1.105075981467962265e-02 1.090272702276706696e-02
5.530000000000000000e+02 5.530000000000000000e+02 1.098214648663997650e-02 1.085929200053215027e-02
5.590000000000000000e+02 5.590000000000000000e+02 1.092417351901531219e-02 1.082224957644939423e-02
5.650000000000000000e+02 5.650000000000000000e+02 1.086710952222347260e-02 1.078530680388212204e-02
5.720000000000000000e+02 5.720000000000000000e+02 1.080140098929405212e-02 1.074358820915222168e-02
5.790000000000000000e+02 5.790000000000000000e+02 1.073655579239130020e-02 1.070230267941951752e-02
5.850000000000000000e+02 5.850000000000000000e+02 1.068147830665111542e-02 1.066738553345203400e-02
5.920000000000000000e+02 5.920000000000000000e+02 1.061798073351383209e-02 1.062718406319618225e-02
5.990000000000000000e+02 5.990000000000000000e+02 1.055536419153213501e-02 1.058675348758697510e-02
6.060000000000000000e+02 6.060000000000000000e+02 1.049362868070602417e-02 1.054764725267887115e-02
6.130000000000000000e+02 6.130000000000000000e+02 1.043272390961647034e-02 1.050894707441329956e-02
6.200000000000000000e+02 6.200000000000000000e+02 1.037281937897205353e-02 1.047116611152887344e-02
6.270000000000000000e+02 6.270000000000000000e+02 1.031383033841848373e-02 1.043367944657802582e-02
6.350000000000000000e+02 6.350000000000000000e+02 1.024768687784671783e-02 1.039221882820129395e-02
6.420000000000000000e+02 6.420000000000000000e+02 1.019084639847278595e-02 1.035662926733493805e-02
6.490000000000000000e+02 6.490000000000000000e+02 1.013492420315742493e-02 1.032078731805086136e-02
6.570000000000000000e+02 6.570000000000000000e+02 1.007210277020931244e-02 1.028078980743885040e-02
6.640000000000000000e+02 6.640000000000000000e+02 1.001811958849430084e-02 1.024666801095008850e-02
6.720000000000000000e+02 6.720000000000000000e+02 9.957632981240749359e-03 1.020796224474906921e-02
6.800000000000000000e+02 6.800000000000000000e+02 9.898204356431961060e-03 1.017007790505886078e-02
6.880000000000000000e+02 6.880000000000000000e+02 9.839818812906742096e-03 1.013355143368244171e-02
6.960000000000000000e+02 6.960000000000000000e+02 9.782467037439346313e-03 1.009749062359333038e-02
7.040000000000000000e+02 7.040000000000000000e+02 9.726166725158691406e-03 1.006215251982212067e-02
7.120000000000000000e+02 7.120000000000000000e+02 9.670978412032127380e-03 1.002702862024307251e-02
7.200000000000000000e+02 7.200000000000000000e+02 9.616808034479618073e-03 9.992873296141624451e-03
7.290000000000000000e+02 7.290000000000000000e+02 9.556775912642478943e-03 9.955509565770626068e-03
7.370000000000000000e+02 7.370000000000000000e+02 9.504167363047599792e-03 9.923230856657028198e-03
7.460000000000000000e+02 7.460000000000000000e+02 9.445963427424430847e-03 9.886815212666988373e-03
7.540000000000000000e+02 7.540000000000000000e+02 9.395102970302104950e-03 9.855119511485099792e-03
7.630000000000000000e+02 7.630000000000000000e+02 9.338820353150367737e-03 9.820159524679183960e-03
7.720000000000000000e+02 7.720000000000000000e+02 9.283371269702911377e-03 9.785660542547702789e-03
7.810000000000000000e+02 7.810000000000000000e+02 9.228777140378952026e-03 9.751729667186737061e-03
7.900000000000000000e+02 7.900000000000000000e+02 9.175108745694160461e-03 9.718506596982479095e-03
7.990000000000000000e+02 7.990000000000000000e+02 9.122419171035289764e-03 9.686154313385486603e-03
8.080000000000000000e+02 8.080000000000000000e+02 9.070668369531631470e-03 9.654431603848934174e-03
8.180000000000000000e+02 8.180000000000000000e+02 9.014325216412544250e-03 9.619640186429023743e-03
8.270000000000000000e+02 8.270000000000000000e+02 8.964560925960540771e-03 9.589269757270812988e-03
8.370000000000000000e+02 8.370000000000000000e+02 8.910292759537696838e-03 9.556043893098831177e-03
8.470000000000000000e+02 8.470000000000000000e+02 8.857002481818199158e-03 9.523835033178329468e-03
8.560000000000000000e+02 8.560000000000000000e+02 8.809735998511314392e-03 9.495260193943977356e-03
8.660000000000000000e+02 8.660000000000000000e+02 8.758106268942356110e-03 9.463885799050331116e-03
8.760000000000000000e+02 8.760000000000000000e+02 8.707173168659210205e-03 9.432824328541755676e-03
8.870000000000000000e+02 8.870000000000000000e+02 8.652018383145332336e-03 9.399596601724624634e-03
8.970000000000000000e+02 8.970000000000000000e+02 8.602671325206756592e-03 9.370029903948307037e-03
9.070000000000000000e+02 9.070000000000000000e+02 8.554084226489067078e-03 9.340620599687099457e-03
9.180000000000000000e+02 9.180000000000000000e+02 8.501445874571800232e-03 9.309009648859500885e-03
9.280000000000000000e+02 9.280000000000000000e+02 8.454238995909690857e-03 9.280511178076267242e-03
9.390000000000000000e+02 9.390000000000000000e+02 8.403071202337741852e-03 9.249890223145484924e-03
9.500000000000000000e+02 9.500000000000000000e+02 8.352541364729404449e-03 9.219868108630180359e-03
9.610000000000000000e+02 9.610000000000000000e+02 8.302763104438781738e-03 9.190250188112258911e-03
9.720000000000000000e+02 9.720000000000000000e+02 8.253814652562141418e-03 9.161207824945449829e-03
9.830000000000000000e+02 9.830000000000000000e+02 8.205680176615715027e-03 9.132860228419303894e-03
9.950000000000000000e+02 9.950000000000000000e+02 8.154002949595451355e-03 9.101948700845241547e-03
1.006000000000000000e+03 1.006000000000000000e+03 8.107393048703670502e-03 9.074517525732517242e-03
1.018000000000000000e+03 1.018000000000000000e+03 8.057240396738052368e-03 9.044369682669639587e-03
1.030000000000000000e+03 1.030000000000000000e+03 8.007757365703582764e-03 9.014893323183059692e-03
1.042000000000000000e+03 1.042000000000000000e+03 7.958912290632724762e-03 8.985848166048526764e-03
1.054000000000000000e+03 1.054000000000000000e+03 7.910575717687606812e-03 8.957264013588428497e-03
1.066000000000000000e+03 1.066000000000000000e+03 7.862785831093788147e-03 8.929217234253883362e-03
1.079000000000000000e+03 1.079000000000000000e+03 7.811597548425197601e-03 8.899163454771041870e-03
1.091000000000000000e+03 1.091000000000000000e+03 7.764843758195638657e-03 8.871607482433319092e-03
1.104000000000000000e+03 1.104000000000000000e+03 7.714750245213508606e-03 8.842501789331436157e-03
1.116000000000000000e+03 1.116000000000000000e+03 7.669157348573207855e-03 8.816276676952838898e-03
1.129000000000000000e+03 1.129000000000000000e+03 7.620488293468952179e-03 8.787937462329864502e-03
1.143000000000000000e+03 1.143000000000000000e+03 7.568860892206430435e-03 8.757587522268295288e-03
1.156000000000000000e+03 1.156000000000000000e+03 7.521560415625572205e-03 8.730245754122734070e-03
1.169000000000000000e+03 1.169000000000000000e+03 7.474981248378753662e-03 8.703317493200302124e-03
1.183000000000000000e+03 1.183000000000000000e+03 7.425620686262845993e-03 8.674954995512962341e-03
1.196000000000000000e+03 1.196000000000000000e+03 7.380403578281402588e-03 8.649565279483795166e-03
1.210000000000000000e+03 1.210000000000000000e+03 7.332300767302513123e-03 8.621846325695514679e-03
1.224000000000000000e+03 1.224000000000000000e+03 7.284906692802906036e-03 8.594501763582229614e-03
1.239000000000000000e+03 1.239000000000000000e+03 7.234930992126464844e-03 8.565770462155342102e-03
1.253000000000000000e+03 1.253000000000000000e+03 7.188874296844005585e-03 8.538650348782539368e-03
1.267000000000000000e+03 1.267000000000000000e+03 7.143347058445215225e-03 8.511958643794059753e-03
1.282000000000000000e+03 1.282000000000000000e+03 7.095084991306066513e-03 8.483884856104850769e-03
1.297000000000000000e+03 1.297000000000000000e+03 7.047322578728199005e-03 8.456634357571601868e-03
1.312000000000000000e+03 1.312000000000000000e+03 7.000299170613288879e-03 8.429332636296749115e-03
1.327000000000000000e+03 1.327000000000000000e+03 6.953676696866750717e-03 8.402234874665737152e-03
1.343000000000000000e+03 1.343000000000000000e+03 6.904862821102142334e-03 8.374006487429141998e-03
1.358000000000000000e+03 1.358000000000000000e+03 6.859856192022562027e-03 8.348084054887294769e-03
1.374000000000000000e+03 1.374000000000000000e+03 6.812509149312973022e-03 8.321408182382583618e-03
1.390000000000000000e+03 1.390000000000000000e+03 6.765651982277631760e-03 8.294484578073024750e-03
1.406000000000000000e+03 1.406000000000000000e+03 6.719285156577825546e-03 8.267866447567939758e-03
1.422000000000000000e+03 1.422000000000000000e+03 6.673620548099279404e-03 8.241606876254081726e-03
1.439000000000000000e+03 1.439000000000000000e+03 6.625706329941749573e-03 8.214581757783889771e-03
1.455000000000000000e+03 1.455000000000000000e+03 6.580989807844161987e-03 8.189143612980842590e-03
1.472000000000000000e+03 1.472000000000000000e+03 6.533907726407051086e-03 8.162173442542552948e-03
1.489000000000000000e+03 1.489000000000000000e+03 6.487405393272638321e-03 8.135395124554634094e-03
1.507000000000000000e+03 1.507000000000000000e+03 6.438800133764743805e-03 8.107601664960384369e-03
1.524000000000000000e+03 1.524000000000000000e+03 6.393485702574253082e-03 8.080987259745597839e-03
1.542000000000000000e+03 1.542000000000000000e+03 6.346140988171100616e-03 8.053517900407314301e-03
1.560000000000000000e+03 1.560000000000000000e+03 6.299489643424749374e-03 8.026248775422573090e-03
1.578000000000000000e+03 1.578000000000000000e+03 6.253280211240053177e-03 7.998822256922721863e-03
1.596000000000000000e+03 1.596000000000000000e+03 6.207181606441736221e-03 7.971065118908882141e-03
1.615000000000000000e+03 1.615000000000000000e+03 6.158888339996337891e-03 7.941564545035362244e-03
1.633000000000000000e+03 1.633000000000000000e+03 6.113859824836254120e-03 7.913577370345592499e-03
1.652000000000000000e+03 1.652000000000000000e+03 6.066742818802595139e-03 7.884955964982509613e-03
1.671000000000000000e+03 1.671000000000000000e+03 6.020130589604377747e-03 7.856156677007675171e-03
1.691000000000000000e+03 1.691000000000000000e+03 5.971480160951614380e-03 7.826400920748710632e-03
1.710000000000000000e+03 1.710000000000000000e+03 5.926172249019145966e-03 7.798949722200632095e-03
1.730000000000000000e+03 1.730000000000000000e+03 5.879386328160762787e-03 7.770380470901727676e-03
1.750000000000000000e+03 1.750000000000000000e+03 5.833544302731752396e-03 7.742408663034439087e-03
1.771000000000000000e+03 1.771000000000000000e+03 5.786017514765262604e-03 7.713628467172384262e-03
1.791000000000000000e+03 1.791000000000000000e+03 5.741722881793975830e-03 7.687411271035671234e-03
1.812000000000000000e+03 1.812000000000000000e+03 5.696122068911790848e-03 7.660936564207077026e-03
1.833000000000000000e+03 1.833000000000000000e+03 5.651216488331556320e-03 7.633958011865615845e-03
1.854000000000000000e+03 1.854000000000000000e+03 5.607017315924167633e-03 7.608569692820310593e-03
1.876000000000000000e+03 1.876000000000000000e+03 5.561926402151584625e-03 7.582012098282575607e-03
1.897000000000000000e+03 1.897000000000000000e+03 5.519655067473649979e-03 7.557293400168418884e-03
1.919000000000000000e+03 1.919000000000000000e+03 5.476266145706176758e-03 7.532316725701093674e-03
1.942000000000000000e+03 1.942000000000000000e+03 5.431833676993846893e-03 7.506828755140304565e-03
1.964000000000000000e+03 1.964000000000000000e+03 5.390043370425701141e-03 7.484355475753545761e-03
1.987000000000000000e+03 1.987000000000000000e+03 5.347292870283126831e-03 7.461181841790676117e-03
2.010000000000000000e+03 2.010000000000000000e+03 5.305354949086904526e-03 7.437313906848430634e-03
2.033000000000000000e+03 2.033000000000000000e+03 5.263905040919780731e-03 7.414353545755147934e-03
2.057000000000000000e+03 2.057000000000000000e+03 5.221148487180471420e-03 7.389750331640243530e-03
2.081000000000000000e+03 2.081000000000000000e+03 5.178697407245635986e-03 7.365908473730087280e-03
2.105000000000000000e+03 2.105000000000000000e+03 5.136382300406694412e-03 7.341364398598670959e-03
2.129000000000000000e+03 2.129000000000000000e+03 5.093658342957496643e-03 7.315407972782850266e-03
2.154000000000000000e+03 2.154000000000000000e+03 5.048296414315700531e-03 7.286873646080493927e-03
2.179000000000000000e+03 2.179000000000000000e+03 5.002249032258987427e-03 7.256941869854927063e-03
2.204000000000000000e+03 2.204000000000000000e+03 4.956452175974845886e-03 7.225757464766502380e-03
2.230000000000000000e+03 2.230000000000000000e+03 4.909993149340152740e-03 7.195559795945882797e-03
2.256000000000000000e+03 2.256000000000000000e+03 4.864478483796119690e-03 7.167053874582052231e-03
2.282000000000000000e+03 2.282000000000000000e+03 4.820623435080051422e-03 7.139719091355800629e-03
2.308000000000000000e+03 2.308000000000000000e+03 4.777801688760519028e-03 7.113879080861806870e-03
2.335000000000000000e+03 2.335000000000000000e+03 4.734219983220100403e-03 7.088094949722290039e-03
2.362000000000000000e+03 2.362000000000000000e+03 4.691983573138713837e-03 7.063609082251787186e-03
2.389000000000000000e+03 2.389000000000000000e+03 4.651087801903486252e-03 7.041207049041986465e-03
2.417000000000000000e+03 2.417000000000000000e+03 4.609224386513233185e-03 7.017144467681646347e-03
2.445000000000000000e+03 2.445000000000000000e+03 4.568159114569425583e-03 6.994174793362617493e-03
2.473000000000000000e+03 2.473000000000000000e+03 4.528622142970561981e-03 6.971215363591909409e-03
2.502000000000000000e+03 2.502000000000000000e+03 4.488106351345777512e-03 6.949365604668855667e-03
2.531000000000000000e+03 2.531000000000000000e+03 4.448148421943187714e-03 6.926338654011487961e-03
2.560000000000000000e+03 2.560000000000000000e+03 4.408856388181447983e-03 6.906015798449516296e-03
2.590000000000000000e+03 2.590000000000000000e+03 4.368764348328113556e-03 6.883621215820312500e-03
2.620000000000000000e+03 2.620000000000000000e+03 4.329496528953313828e-03 6.862126290798187256e-03
2.651000000000000000e+03 2.651000000000000000e+03 4.289386328309774399e-03 6.840539630502462387e-03
2.681000000000000000e+03 2.681000000000000000e+03 4.250939004123210907e-03 6.818830501288175583e-03
2.712000000000000000e+03 2.712000000000000000e+03 4.211792256683111191e-03 6.798954680562019348e-03
2.744000000000000000e+03 2.744000000000000000e+03 4.172015935182571411e-03 6.776435300707817078e-03
2.776000000000000000e+03 2.776000000000000000e+03 4.133381880819797516e-03 6.757051683962345123e-03
2.808000000000000000e+03 2.808000000000000000e+03 4.094722680747509003e-03 6.736538838595151901e-03
2.840000000000000000e+03 2.840000000000000000e+03 4.056360572576522827e-03 6.714854389429092407e-03
2.873000000000000000e+03 2.873000000000000000e+03 4.018180537968873978e-03 6.694205570966005325e-03
2.907000000000000000e+03 2.907000000000000000e+03 3.978311084210872650e-03 6.673279218375682831e-03
2.940000000000000000e+03 2.940000000000000000e+03 3.941255155950784683e-03 6.652490701526403427e-03
2.974000000000000000e+03 2.974000000000000000e+03 3.902791533619165421e-03 6.631373427808284760e-03
3.009000000000000000e+03 3.009000000000000000e+03 3.864527679979801178e-03 6.611312273889780045e-03
3.044000000000000000e+03 3.044000000000000000e+03 3.825783962383866310e-03 6.590385921299457550e-03
3.079000000000000000e+03 3.079000000000000000e+03 3.788864938542246819e-03 6.572262849658727646e-03
3.115000000000000000e+03 3.115000000000000000e+03 3.751687239855527878e-03 6.554024759680032730e-03
3.151000000000000000e+03 3.151000000000000000e+03 3.713783808052539825e-03 6.531960330903530121e-03
3.187000000000000000e+03 3.187000000000000000e+03 3.676943015307188034e-03 6.513513624668121338e-03
3.224000000000000000e+03 3.224000000000000000e+03 3.639538539573550224e-03 6.494934670627117157e-03
3.262000000000000000e+03 3.262000000000000000e+03 3.602124750614166260e-03 6.476530805230140686e-03
3.300000000000000000e+03 3.300000000000000000e+03 3.567518899217247963e-03 6.459495052695274353e-03
3.338000000000000000e+03 3.338000000000000000e+03 3.528743749484419823e-03 6.440244615077972412e-03
3.376000000000000000e+03 3.376000000000000000e+03 3.494457341730594635e-03 6.420832127332687378e-03
3.416000000000000000e+03 3.416000000000000000e+03 3.456984180957078934e-03 6.403713021427392960e-03
3.455000000000000000e+03 3.455000000000000000e+03 3.423562971875071526e-03 6.390655413269996643e-03
3.495000000000000000e+03 3.495000000000000000e+03 3.391646547242999077e-03 6.377412937581539154e-03
3.536000000000000000e+03 3.536000000000000000e+03 3.349971026182174683e-03 6.349337752908468246e-03
3.577000000000000000e+03 3.577000000000000000e+03 3.312577726319432259e-03 6.334334611892700195e-03
3.618000000000000000e+03 3.618000000000000000e+03 3.283238969743251801e-03 6.325433962047100067e-03
3.660000000000000000e+03 3.660000000000000000e+03 3.245615633204579353e-03 6.297159008681774139e-03
3.703000000000000000e+03 3.703000000000000000e+03 3.210233524441719055e-03 6.288616918027400970e-03
3.746000000000000000e+03 3.746000000000000000e+03 3.170295152813196182e-03 6.266795564442873001e-03
3.789000000000000000e+03 3.789000000000000000e+03 3.140125423669815063e-03 6.252018734812736511e-03
3.833000000000000000e+03 3.833000000000000000e+03 3.109496552497148514e-03 6.246783770620822906e-03
3.877000000000000000e+03 3.877000000000000000e+03 3.073662519454956055e-03 6.217920687049627304e-03
3.922000000000000000e+03 3.922000000000000000e+03 3.029404906556010246e-03 6.202240474522113800e-03
3.968000000000000000e+03 3.968000000000000000e+03 3.015933558344841003e-03 6.205962039530277252e-03
4.014000000000000000e+03 4.014000000000000000e+03 2.962148748338222504e-03 6.162380333989858627e-03
4.060000000000000000e+03 4.060000000000000000e+03 2.953508403152227402e-03 6.166166625916957855e-03
4.107000000000000000e+03 4.107000000000000000e+03 2.900336636230349541e-03 6.137743592262268066e-03
4.155000000000000000e+03 4.155000000000000000e+03 2.910082228481769562e-03 6.150536239147186279e-03
4.203000000000000000e+03 4.203000000000000000e+03 2.842549933120608330e-03 6.117452867329120636e-03
4.252000000000000000e+03 4.252000000000000000e+03 2.801284193992614746e-03 6.102609448134899139e-03
4.301000000000000000e+03 4.301000000000000000e+03 2.799677662551403046e-03 6.102101877331733704e-03
4.351000000000000000e+03 4.351000000000000000e+03 2.787803066894412041e-03 6.077373400330543518e-03
4.401000000000000000e+03 4.401000000000000000e+03 2.742223907262086868e-03 6.055635400116443634e-03
4.452000000000000000e+03 4.452000000000000000e+03 2.813642378896474838e-03 6.139199249446392059e-03
4.504000000000000000e+03 4.504000000000000000e+03 2.672018716111779213e-03 6.039074622094631195e-03
4.556000000000000000e+03 4.556000000000000000e+03 2.613546326756477356e-03 5.998959764838218689e-03
4.609000000000000000e+03 4.609000000000000000e+03 2.949164249002933502e-03 6.209006533026695251e-03
4.663000000000000000e+03 4.663000000000000000e+03 2.595725934952497482e-03 6.032266654074192047e-03
4.717000000000000000e+03 4.717000000000000000e+03 2.685843035578727722e-03 6.071297451853752136e-03
4.771000000000000000e+03 4.771000000000000000e+03 2.630142960697412491e-03 6.055829115211963654e-03
4.827000000000000000e+03 4.827000000000000000e+03 2.555782208219170570e-03 5.990890786051750183e-03
4.882000000000000000e+03 4.882000000000000000e+03 2.512183971703052521e-03 5.951034836471080780e-03
4.939000000000000000e+03 4.939000000000000000e+03 2.622703788802027702e-03 6.036682985723018646e-03
4.996000000000000000e+03 4.996000000000000000e+03 2.840650733560323715e-03 6.248523481190204620e-03
5.054000000000000000e+03 5.054000000000000000e+03 2.383485669270157814e-03 5.884324666112661362e-03
5.113000000000000000e+03 5.113000000000000000e+03 2.715056994929909706e-03 6.159550044685602188e-03
5.172000000000000000e+03 5.172000000000000000e+03 2.476808615028858185e-03 5.957867484539747238e-03
5.232000000000000000e+03 5.232000000000000000e+03 2.622683765366673470e-03 6.086930632591247559e-03
5.293000000000000000e+03 5.293000000000000000e+03 2.465550089254975319e-03 5.950270220637321472e-03
5.354000000000000000e+03 5.354000000000000000e+03 2.372249029576778412e-03 5.894564092159271240e-03
5.416000000000000000e+03 5.416000000000000000e+03 2.437890507280826569e-03 5.926050245761871338e-03
5.479000000000000000e+03 5.479000000000000000e+03 2.373199444264173508e-03 5.918424576520919800e-03
5.542000000000000000e+03 5.542000000000000000e+03 2.330049639567732811e-03 5.940545350313186646e-03
5.607000000000000000e+03 5.607000000000000000e+03 2.209711354225873947e-03 5.826772656291723251e-03
5.672000000000000000e+03 5.672000000000000000e+03 2.262555994093418121e-03 5.898445378988981247e-03
5.737000000000000000e+03 5.737000000000000000e+03 2.394234761595726013e-03 5.996887572109699249e-03
5.804000000000000000e+03 5.804000000000000000e+03 2.327610738575458527e-03 5.966148339211940765e-03
5.871000000000000000e+03 5.871000000000000000e+03 2.039785496890544891e-03 5.770717747509479523e-03
5.939000000000000000e+03 5.939000000000000000e+03 2.361860824748873711e-03 5.971163511276245117e-03
6.008000000000000000e+03 6.008000000000000000e+03 2.085806801915168762e-03 5.771025549620389938e-03
6.078000000000000000e+03 6.078000000000000000e+03 2.377447905018925667e-03 6.051159463822841644e-03
6.148000000000000000e+03 6.148000000000000000e+03 2.148641506209969521e-03 5.818502046167850494e-03
6.220000000000000000e+03 6.220000000000000000e+03 1.924819545820355415e-03 5.723027512431144714e-03
6.292000000000000000e+03 6.292000000000000000e+03 2.037001540884375572e-03 5.804576911032199860e-03
6.365000000000000000e+03 6.365000000000000000e+03 2.053089439868927002e-03 5.773383658379316330e-03
6.438000000000000000e+03 6.438000000000000000e+03 1.828397624194622040e-03 5.675629712641239166e-03
6.513000000000000000e+03 6.513000000000000000e+03 2.077554818242788315e-03 5.832436494529247284e-03
6.588000000000000000e+03 6.588000000000000000e+03 1.884162658825516701e-03 5.724763497710227966e-03
6.665000000000000000e+03 6.665000000000000000e+03 1.880410360172390938e-03 5.678043700754642487e-03
6.742000000000000000e+03 6.742000000000000000e+03 2.124500460922718048e-03 5.949718877673149109e-03
6.820000000000000000e+03 6.820000000000000000e+03 2.168558537960052490e-03 5.812495481222867966e-03
6.899000000000000000e+03 6.899000000000000000e+03 1.823808066546916962e-03 5.726226139813661575e-03
6.979000000000000000e+03 6.979000000000000000e+03 1.897528767585754395e-03 5.728305317461490631e-03
7.060000000000000000e+03 7.060000000000000000e+03 1.997167943045496941e-03 5.739241838455200195e-03
7.142000000000000000e+03 7.142000000000000000e+03 1.933525316417217255e-03 5.774774588644504547e-03
7.225000000000000000e+03 7.225000000000000000e+03 1.729975454509258270e-03 5.606125108897686005e-03
7.309000000000000000e+03 7.309000000000000000e+03 1.838056836277246475e-03 5.726912524551153183e-03
7.393000000000000000e+03 7.393000000000000000e+03 2.000262495130300522e-03 5.833144299685955048e-03
7.479000000000000000e+03 7.479000000000000000e+03 2.229359699413180351e-03 6.033499725162982941e-03
7.566000000000000000e+03 7.566000000000000000e+03 2.091777045279741287e-03 5.905197933316230774e-03
7.653000000000000000e+03 7.653000000000000000e+03 2.080923411995172501e-03 5.860289558768272400e-03
7.742000000000000000e+03 7.742000000000000000e+03 1.745976740494370461e-03 5.695839412510395050e-03
7.832000000000000000e+03 7.832000000000000000e+03 1.727091264910995960e-03 5.632787011563777924e-03
7.923000000000000000e+03 7.923000000000000000e+03 1.786522683687508106e-03 5.746940150856971741e-03
8.014000000000000000e+03 8.014000000000000000e+03 1.672498416155576706e-03 5.615653470158576965e-03
8.107000000000000000e+03 8.107000000000000000e+03 1.768660033121705055e-03 5.729862488806247711e-03
8.201000000000000000e+03 8.201000000000000000e+03 1.594584202393889427e-03 5.574878770858049393e-03
8.296000000000000000e+03 8.296000000000000000e+03 1.643887488171458244e-03 5.665864329785108566e-03
8.393000000000000000e+03 8.393000000000000000e+03 1.495265052653849125e-03 5.584356840699911118e-03
8.490000000000000000e+03 8.490000000000000000e+03 1.596043934114277363e-03 5.606049671769142151e-03
8.588000000000000000e+03 8.588000000000000000e+03 1.533733913674950600e-03 5.616025999188423157e-03
8.688000000000000000e+03 8.688000000000000000e+03 1.557017560116946697e-03 5.614499561488628387e-03
8.789000000000000000e+03 8.789000000000000000e+03 1.619496033526957035e-03 5.683992058038711548e-03
8.890000000000000000e+03 8.890000000000000000e+03 1.474761171266436577e-03 5.569644272327423096e-03
8.993000000000000000e+03 8.993000000000000000e+03 1.578491646796464920e-03 5.744025111198425293e-03
9.098000000000000000e+03 9.098000000000000000e+03 1.371177611872553825e-03 5.451758392155170441e-03
9.203000000000000000e+03 9.203000000000000000e+03 1.359001500532031059e-03 5.476880818605422974e-03
9.310000000000000000e+03 9.310000000000000000e+03 1.453793607652187347e-03 5.436983425170183182e-03
9.418000000000000000e+03 9.418000000000000000e+03 1.272039371542632580e-03 5.361788906157016754e-03
9.527000000000000000e+03 9.527000000000000000e+03 1.229296205565333366e-03 5.395220592617988586e-03
9.637000000000000000e+03 9.637000000000000000e+03 1.437366707250475883e-03 5.484620574861764908e-03
9.749000000000000000e+03 9.749000000000000000e+03 1.312884036451578140e-03 5.354196764528751373e-03
9.862000000000000000e+03 9.862000000000000000e+03 1.413798425346612930e-03 5.463696084916591644e-03
9.976000000000000000e+03 9.976000000000000000e+03 1.363445888273417950e-03 5.363977514207363129e-03
1.009200000000000000e+04 1.009200000000000000e+04 1.138087827712297440e-03 5.254170391708612442e-03
1.020900000000000000e+04 1.020900000000000000e+04 1.342849805951118469e-03 5.390669219195842743e-03
1.032700000000000000e+04 1.032700000000000000e+04 1.268341438844799995e-03 5.373301915824413300e-03
1.044700000000000000e+04 1.044700000000000000e+04 1.340985647402703762e-03 5.412982776761054993e-03
1.056800000000000000e+04 1.056800000000000000e+04 1.290595158934593201e-03 5.275116302073001862e-03
1.069100000000000000e+04 1.069100000000000000e+04 1.155625795945525169e-03 5.298676434904336929e-03
1.081500000000000000e+04 1.081500000000000000e+04 1.113412436097860336e-03 5.270208232104778290e-03
1.094000000000000000e+04 1.094000000000000000e+04 1.291724387556314468e-03 5.352806299924850464e-03
1.106700000000000000e+04 1.106700000000000000e+04 1.080125337466597557e-03 5.197099409997463226e-03
1.119500000000000000e+04 1.119500000000000000e+04 1.166614238172769547e-03 5.317352246493101120e-03
1.132500000000000000e+04 1.132500000000000000e+04 1.019979361444711685e-03 5.217114929109811783e-03
1.145600000000000000e+04 1.145600000000000000e+04 1.297938870266079903e-03 5.255057942122220993e-03
1.158900000000000000e+04 1.158900000000000000e+04 1.289318432100117207e-03 5.323845427483320236e-03
1.172300000000000000e+04 1.172300000000000000e+04 1.149752875789999962e-03 5.249735433608293533e-03
1.185900000000000000e+04 1.185900000000000000e+04 1.055306289345026016e-03 5.207463167607784271e-03
1.199700000000000000e+04 1.199700000000000000e+04 1.227428903803229332e-03 5.307366605848073959e-03
1.213600000000000000e+04 1.213600000000000000e+04 1.151110278442502022e-03 5.270960275083780289e-03
1.227600000000000000e+04 1.227600000000000000e+04 1.138366642408072948e-03 5.237396806478500366e-03
1.241900000000000000e+04 1.241900000000000000e+04 1.111625344492495060e-03 5.244714207947254181e-03
1.256300000000000000e+04 1.256300000000000000e+04 1.037808600813150406e-03 5.204608663916587830e-03
1.270800000000000000e+04 1.270800000000000000e+04 8.907894371077418327e-04 5.119701381772756577e-03
1.285500000000000000e+04 1.285500000000000000e+04 1.116189057938754559e-03 5.180516280233860016e-03
1.300500000000000000e+04 1.300500000000000000e+04 1.012797467410564423e-03 5.205607973039150238e-03
1.315500000000000000e+04 1.315500000000000000e+04 9.041844750754535198e-04 5.144851747900247574e-03
1.330800000000000000e+04 1.330800000000000000e+04 9.599786135368049145e-04 5.167396739125251770e-03
1.346200000000000000e+04 1.346200000000000000e+04 9.750470635481178761e-04 5.121627822518348694e-03
1.361800000000000000e+04 1.361800000000000000e+04 8.182437741197645664e-04 5.096927285194396973e-03
1.377600000000000000e+04 1.377600000000000000e+04 9.287959546782076359e-04 5.131134297698736191e-03
1.393600000000000000e+04 1.393600000000000000e+04 7.843382190912961960e-04 5.071492400020360947e-03
1.409700000000000000e+04 1.409700000000000000e+04 9.164984803646802902e-04 5.109211895614862442e-03
1.426100000000000000e+04 1.426100000000000000e+04 9.053719695657491684e-04 5.162958521395921707e-03
1.442600000000000000e+04 1.442600000000000000e+04 9.633539593778550625e-04 5.214583128690719604e-03
1.459300000000000000e+04 1.459300000000000000e+04 7.504367968067526817e-04 5.066923797130584717e-03
1.476200000000000000e+04 1.476200000000000000e+04 9.047407656908035278e-04 5.167016759514808655e-03
1.493300000000000000e+04 1.493300000000000000e+04 9.031995432451367378e-04 5.186708644032478333e-03
1.510600000000000000e+04 1.510600000000000000e+04 9.089675149880349636e-04 5.144603084772825241e-03
1.528200000000000000e+04 1.528200000000000000e+04 8.595548570156097412e-04 5.127784796059131622e-03
1.545900000000000000e+04 1.545900000000000000e+04 6.778292590752243996e-04 5.062027834355831146e-03
1.563800000000000000e+04 1.563800000000000000e+04 6.922665052115917206e-04 5.014074966311454773e-03
1.581900000000000000e+04 1.581900000000000000e+04 7.211827905848622322e-04 5.040536634624004364e-03
1.600200000000000000e+04 1.600200000000000000e+04 7.325034821406006813e-04 5.108084063977003098e-03
1.618800000000000000e+04 1.618800000000000000e+04 7.634235662408173084e-04 5.075852852314710617e-03
1.637600000000000000e+04 1.637600000000000000e+04 7.381110917776823044e-04 5.052329972386360168e-03
1.656500000000000000e+04 1.656500000000000000e+04 8.391045266762375832e-04 5.096834152936935425e-03
1.675700000000000000e+04 1.675700000000000000e+04 6.501000025309622288e-04 4.994098562747240067e-03
1.695200000000000000e+04 1.695200000000000000e+04 7.262221770361065865e-04 5.061524920165538788e-03
1.714800000000000000e+04 1.714800000000000000e+04 6.292655598372220993e-04 5.053150467574596405e-03
1.734700000000000000e+04 1.734700000000000000e+04 6.809632177464663982e-04 5.026286467909812927e-03
1.754800000000000000e+04 1.754800000000000000e+04 8.287395467050373554e-04 5.088913254439830780e-03
1.775100000000000000e+04 1.775100000000000000e+04 8.328665280714631081e-04 5.149530246853828430e-03
1.795700000000000000e+04 1.795700000000000000e+04 6.533202249556779861e-04 5.049628205597400665e-03
1.816500000000000000e+04 1.816500000000000000e+04 5.697734886780381203e-04 5.000491626560688019e-03
1.837600000000000000e+04 1.837600000000000000e+04 7.478193147107958794e-04 5.095737986266613007e-03
1.858900000000000000e+04 1.858900000000000000e+04 6.507710786536335945e-04 5.038705654442310333e-03
1.880400000000000000e+04 1.880400000000000000e+04 5.355313187465071678e-04 4.985299892723560333e-03
1.902200000000000000e+04 1.902200000000000000e+04 5.676210857927799225e-04 5.039740353822708130e-03
1.924300000000000000e+04 1.924300000000000000e+04 5.838999641127884388e-04 4.998497664928436279e-03
1.946600000000000000e+04 1.946600000000000000e+04 6.546678487211465836e-04 5.062625743448734283e-03
1.969200000000000000e+04 1.969200000000000000e+04 4.611923359334468842e-04 4.972829949110746384e-03
1.992000000000000000e+04 1.992000000000000000e+04 6.568437675014138222e-04 5.013382062315940857e-03
2.015100000000000000e+04 2.015100000000000000e+04 6.460343720391392708e-04 5.084851756691932678e-03
2.038400000000000000e+04 2.038400000000000000e+04 5.440481472760438919e-04 4.980816971510648727e-03
2.062100000000000000e+04 2.062100000000000000e+04 5.537788383662700653e-04 4.978414624929428101e-03
2.086000000000000000e+04 2.086000000000000000e+04 5.168999778106808662e-04 5.010300315916538239e-03
2.110100000000000000e+04 2.110100000000000000e+04 6.176557508297264576e-04 5.006484221667051315e-03
2.134600000000000000e+04 2.134600000000000000e+04 5.729281110689043999e-04 5.105040501803159714e-03
2.159300000000000000e+04 2.159300000000000000e+04 4.691096837632358074e-04 4.977344535291194916e-03
2.184400000000000000e+04 2.184400000000000000e+04 7.234283839352428913e-04 5.138887092471122742e-03
2.209700000000000000e+04 2.209700000000000000e+04 5.483211716637015343e-04 5.044965073466300964e-03
2.235300000000000000e+04 2.235300000000000000e+04 4.992773756384849548e-04 5.007389001548290253e-03
2.261200000000000000e+04 2.261200000000000000e+04 4.642647691071033478e-04 4.972424358129501343e-03
2.287400000000000000e+04 2.287400000000000000e+04 4.515570471994578838e-04 4.935395438224077225e-03
2.313900000000000000e+04 2.313900000000000000e+04 4.993439069949090481e-04 4.987064749002456665e-03
2.340800000000000000e+04 2.340800000000000000e+04 5.589361535385251045e-04 5.089494399726390839e-03
2.367900000000000000e+04 2.367900000000000000e+04 3.644280077423900366e-04 4.883151501417160034e-03
2.395300000000000000e+04 2.395300000000000000e+04 4.240888520143926144e-04 4.953279159963130951e-03
2.423100000000000000e+04 2.423100000000000000e+04 5.666264914907515049e-04 5.082417279481887817e-03
2.451200000000000000e+04 2.451200000000000000e+04 4.868755349889397621e-04 4.999767988920211792e-03
2.479600000000000000e+04 2.479600000000000000e+04 4.872115387115627527e-04 5.029939115047454834e-03
2.508300000000000000e+04 2.508300000000000000e+04 5.318252369761466980e-04 5.055108107626438141e-03
2.537400000000000000e+04 2.537400000000000000e+04 4.716296389233320951e-04 4.973103292286396027e-03
2.566800000000000000e+04 2.566800000000000000e+04 3.798869147431105375e-04 4.879379644989967346e-03
2.596600000000000000e+04 2.596600000000000000e+04 3.809007175732403994e-04 4.907289054244756699e-03
2.626700000000000000e+04 2.626700000000000000e+04 4.048838163726031780e-04 4.964415915310382843e-03
2.657100000000000000e+04 2.657100000000000000e+04 4.176389193162322044e-04 4.955184645950794220e-03
2.687900000000000000e+04 2.687900000000000000e+04 3.795673837885260582e-04 4.937181714922189713e-03
2.719100000000000000e+04 2.719100000000000000e+04 4.445484373718500137e-04 4.914797376841306686e-03
2.750600000000000000e+04 2.750600000000000000e+04 3.443918540142476559e-04 4.909826442599296570e-03
2.782500000000000000e+04 2.782500000000000000e+04 4.945391556248068810e-04 5.034342408180236816e-03
2.814700000000000000e+04 2.814700000000000000e+04 3.401981666684150696e-04 4.939052741974592209e-03
2.847400000000000000e+04 2.847400000000000000e+04 3.891189699061214924e-04 5.000502336770296097e-03
2.880400000000000000e+04 2.880400000000000000e+04 2.776849141810089350e-04 4.903960973024368286e-03
2.913800000000000000e+04 2.913800000000000000e+04 3.172603319399058819e-04 4.941194318234920502e-03
2.947500000000000000e+04 2.947500000000000000e+04 3.692662285175174475e-04 4.964930005371570587e-03
2.981700000000000000e+04 2.981700000000000000e+04 3.784660075325518847e-04 5.019353702664375305e-03
3.016300000000000000e+04 3.016300000000000000e+04 3.268440486863255501e-04 4.910155199468135834e-03
3.051200000000000000e+04 3.051200000000000000e+04 3.611810097936540842e-04 4.987882450222969055e-03
3.086600000000000000e+04 3.086600000000000000e+04 3.268462605774402618e-04 4.954961128532886505e-03
3.122400000000000000e+04 3.122400000000000000e+04 4.644924774765968323e-04 5.066198296844959259e-03
3.158600000000000000e+04 3.158600000000000000e+04 2.549291239120066166e-04 4.869540221989154816e-03
3.195200000000000000e+04 3.195200000000000000e+04 3.387504548300057650e-04 4.892648197710514069e-03
3.232200000000000000e+04 3.232200000000000000e+04 3.880125877913087606e-04 4.969748668372631073e-03
3.269700000000000000e+04 3.269700000000000000e+04 3.088635276071727276e-04 4.918989725410938263e-03
3.307600000000000000e+04 3.307600000000000000e+04 3.151805140078067780e-04 4.951308481395244598e-03
3.345900000000000000e+04 3.345900000000000000e+04 3.495426208246499300e-04 4.936095792800188065e-03
3.384700000000000000e+04 3.384700000000000000e+04 4.129876615479588509e-04 4.996994044631719589e-03
3.423900000000000000e+04 3.423900000000000000e+04 2.819623332470655441e-04 4.893314093351364136e-03
3.463600000000000000e+04 3.463600000000000000e+04 2.349323767703026533e-04 4.896465223282575607e-03
3.503800000000000000e+04 3.503800000000000000e+04 2.693596761673688889e-04 4.921782296150922775e-03
3.544400000000000000e+04 3.544400000000000000e+04 3.092091355938464403e-04 4.971748217940330505e-03
3.585500000000000000e+04 3.585500000000000000e+04 2.389509900240227580e-04 4.929652903228998184e-03
3.627000000000000000e+04 3.627000000000000000e+04 1.999845408136025071e-04 4.888493567705154419e-03
3.669100000000000000e+04 3.669100000000000000e+04 1.691570796538144350e-04 4.884547088295221329e-03
3.711600000000000000e+04 3.711600000000000000e+04 2.897024969570338726e-04 4.959948360919952393e-03
3.754600000000000000e+04 3.754600000000000000e+04 2.522296272218227386e-04 4.918235354125499725e-03
3.798100000000000000e+04 3.798100000000000000e+04 3.343189600855112076e-04 4.970092326402664185e-03
3.842200000000000000e+04 3.842200000000000000e+04 2.165457262890413404e-04 4.880776628851890564e-03
3.886700000000000000e+04 3.886700000000000000e+04 3.572762361727654934e-04 4.937288351356983185e-03
3.931700000000000000e+04 3.931700000000000000e+04 2.105327730532735586e-04 4.890144336968660355e-03
3.977300000000000000e+04 3.977300000000000000e+04 3.775551158469170332e-04 5.087968893349170685e-03
4.023400000000000000e+04 4.023400000000000000e+04 3.440081491135060787e-04 5.013844929635524750e-03
4.070100000000000000e+04 4.070100000000000000e+04 2.852230973076075315e-04 4.952629096806049347e-03
4.117200000000000000e+04 4.117200000000000000e+04 2.183167089242488146e-04 4.931639414280653000e-03
4.165000000000000000e+04 4.165000000000000000e+04 2.737963222898542881e-04 4.989504814147949219e-03
4.213200000000000000e+04 4.213200000000000000e+04 2.101945428876206279e-04 4.906236194074153900e-03
4.262100000000000000e+04 4.262100000000000000e+04 3.305492573417723179e-04 4.984591156244277954e-03
4.311500000000000000e+04 4.311500000000000000e+04 2.023815468419343233e-04 4.941222257912158966e-03
4.361400000000000000e+04 4.361400000000000000e+04 2.486240700818598270e-04 5.004921462386846542e-03
4.412000000000000000e+04 4.412000000000000000e+04 1.793456031009554863e-04 4.917589947581291199e-03
4.463100000000000000e+04 4.463100000000000000e+04 2.180972369387745857e-04 4.955455660820007324e-03
4.514900000000000000e+04 4.514900000000000000e+04 2.175724657718092203e-04 4.954742733389139175e-03
4.567200000000000000e+04 4.567200000000000000e+04 2.049836912192404270e-04 4.901309497654438019e-03
4.620100000000000000e+04 4.620100000000000000e+04 1.682448055362328887e-04 4.890368320047855377e-03
4.673700000000000000e+04 4.673700000000000000e+04 2.491761115379631519e-04 4.944720771163702011e-03
4.727900000000000000e+04 4.727900000000000000e+04 2.250731340609490871e-04 4.914836026728153229e-03
4.782700000000000000e+04 4.782700000000000000e+04 2.391979505773633718e-04 4.986596293747425079e-03
4.838100000000000000e+04 4.838100000000000000e+04 1.725633919704705477e-04 4.901980515569448471e-03
4.894200000000000000e+04 4.894200000000000000e+04 1.874671143013983965e-04 4.973504226654767990e-03
4.950900000000000000e+04 4.950900000000000000e+04 2.173895045416429639e-04 4.984258674085140228e-03
5.008300000000000000e+04 5.008300000000000000e+04 1.526837004348635674e-04 4.958636127412319183e-03
5.066400000000000000e+04 5.066400000000000000e+04 1.518062344985082746e-04 4.928521811962127686e-03
5.125100000000000000e+04 5.125100000000000000e+04 1.423537178197875619e-04 4.943394567817449570e-03
5.184500000000000000e+04 5.184500000000000000e+04 1.662941649556159973e-04 4.972855094820261002e-03
5.244600000000000000e+04 5.244600000000000000e+04 1.505586260464042425e-04 4.924295935779809952e-03
5.305400000000000000e+04 5.305400000000000000e+04 2.524757001083344221e-04 5.013226531445980072e-03
5.366900000000000000e+04 5.366900000000000000e+04 1.642218121560290456e-04 4.949516616761684418e-03
5.429100000000000000e+04 5.429100000000000000e+04 2.413613838143646717e-04 5.004853941500186920e-03
5.492000000000000000e+04 5.492000000000000000e+04 2.197346329921856523e-04 5.010860972106456757e-03
5.555700000000000000e+04 5.555700000000000000e+04 1.061306829797104001e-04 4.912236705422401428e-03
5.620100000000000000e+04 5.620100000000000000e+04 1.512408634880557656e-04 4.961652681231498718e-03
5.685200000000000000e+04 5.685200000000000000e+04 1.272157824132591486e-04 4.950693342834711075e-03
5.751100000000000000e+04 5.751100000000000000e+04 1.539600052637979388e-04 4.961283877491950989e-03
5.817800000000000000e+04 5.817800000000000000e+04 1.240990968653932214e-04 4.975483287125825882e-03
5.885200000000000000e+04 5.885200000000000000e+04 1.281172735616564751e-04 4.949805792421102524e-03
5.953400000000000000e+04 5.953400000000000000e+04 1.038691334542818367e-04 4.920413717627525330e-03
6.022400000000000000e+04 6.022400000000000000e+04 1.679728156886994839e-04 4.964101128280162811e-03
6.092200000000000000e+04 6.092200000000000000e+04 1.117156789405271411e-04 4.927306436002254486e-03
6.162900000000000000e+04 6.162900000000000000e+04 1.041850337060168386e-04 4.889307543635368347e-03
6.234300000000000000e+04 6.234300000000000000e+04 1.086080737877637148e-04 4.928812384605407715e-03
6.306600000000000000e+04 6.306600000000000000e+04 2.422079414827749133e-04 4.972213879227638245e-03
6.379700000000000000e+04 6.379700000000000000e+04 1.058474445017054677e-04 4.927407018840312958e-03
6.453600000000000000e+04 6.453600000000000000e+04 1.313615794060751796e-04 4.935314878821372986e-03
6.528400000000000000e+04 6.528400000000000000e+04 1.093134633265435696e-04 4.972320981323719025e-03
6.604100000000000000e+04 6.604100000000000000e+04 8.947037713369354606e-05 4.913562908768653870e-03
6.680600000000000000e+04 6.680600000000000000e+04 1.361675385851413012e-04 4.944375716149806976e-03
6.758100000000000000e+04 6.758100000000000000e+04 8.349222480319440365e-05 4.927649162709712982e-03
6.836400000000000000e+04 6.836400000000000000e+04 1.258521806448698044e-04 4.952404648065567017e-03
6.915600000000000000e+04 6.915600000000000000e+04 1.610419712960720062e-04 4.960048012435436249e-03
6.995800000000000000e+04 6.995800000000000000e+04 1.607221347512677312e-04 5.015496164560317993e-03
7.076900000000000000e+04 7.076900000000000000e+04 1.183086860692128539e-04 4.995448049157857895e-03
7.158900000000000000e+04 7.158900000000000000e+04 1.301809970755130053e-04 4.964851774275302887e-03
7.241900000000000000e+04 7.241900000000000000e+04 1.828801759984344244e-04 5.036924965679645538e-03
7.325800000000000000e+04 7.325800000000000000e+04 4.226584132993593812e-05 4.948200657963752747e-03
7.410800000000000000e+04 7.410800000000000000e+04 7.358520088018849492e-05 4.945211112499237061e-03
7.496700000000000000e+04 7.496700000000000000e+04 1.201554259750992060e-04 4.966879263520240784e-03
7.583600000000000000e+04 7.583600000000000000e+04 1.531176530988886952e-04 5.029492080211639404e-03
7.671500000000000000e+04 7.671500000000000000e+04 7.352009561145678163e-05 4.949362017214298248e-03
7.760400000000000000e+04 7.760400000000000000e+04 1.611751504242420197e-04 5.002703517675399780e-03
7.850300000000000000e+04 7.850300000000000000e+04 5.327793041942641139e-05 4.958458244800567627e-03
7.941300000000000000e+04 7.941300000000000000e+04 6.061820022296160460e-05 4.975358489900827408e-03
8.033400000000000000e+04 8.033400000000000000e+04 5.220282400841824710e-05 4.945016000419855118e-03
8.126500000000000000e+04 8.126500000000000000e+04 4.056822217535227537e-05 4.949257709085941315e-03
8.220700000000000000e+04 8.220700000000000000e+04 6.658998609054833651e-05 4.981226287782192230e-03
8.316000000000000000e+04 8.316000000000000000e+04 4.302937304601073265e-05 4.970505367964506149e-03
8.412400000000000000e+04 8.412400000000000000e+04 4.890771378995850682e-05 4.946510307490825653e-03
8.509900000000000000e+04 8.509900000000000000e+04 4.390665708342567086e-05 4.991603083908557892e-03
8.608500000000000000e+04 8.608500000000000000e+04 4.124636689084582031e-05 4.967057146131992340e-03
8.708300000000000000e+04 8.708300000000000000e+04 5.426414645626209676e-05 4.973988980054855347e-03
8.809200000000000000e+04 8.809200000000000000e+04 4.155306669417768717e-05 4.961895756423473358e-03
8.911300000000000000e+04 8.911300000000000000e+04 1.659677946008741856e-04 5.020711570978164673e-03
9.014600000000000000e+04 9.014600000000000000e+04 2.743107688729651272e-05 4.971687681972980499e-03
9.119100000000000000e+04 9.119100000000000000e+04 3.119253960903733969e-05 4.988126456737518311e-03
9.224800000000000000e+04 9.224800000000000000e+04 1.368963858112692833e-04 5.069278180599212646e-03
9.331800000000000000e+04 9.331800000000000000e+04 6.534873682539910078e-05 4.976115655153989792e-03
9.439900000000000000e+04 9.439900000000000000e+04 1.239306875504553318e-04 4.996818955987691879e-03
9.549300000000000000e+04 9.549300000000000000e+04 3.000997458002530038e-05 4.977992735803127289e-03
9.660000000000000000e+04 9.660000000000000000e+04 1.006935781333595514e-04 5.026727449148893356e-03
9.772000000000000000e+04 9.772000000000000000e+04 2.769705133687239140e-05 4.960219375789165497e-03
9.885300000000000000e+04 9.885300000000000000e+04 2.275388214911799878e-05 4.981460981070995331e-03
9.999800000000000000e+04 9.999800000000000000e+04 2.970977766381110996e-05 4.960538819432258606e-03
