1.000000000000000000e+00 1.000000000000000000e+00 3.369342908263206482e-02 9.955795109272003174e-02
2.000000000000000000e+00 2.000000000000000000e+00 4.064377397298812866e-02 1.227842271327972412e-01
3.000000000000000000e+00 3.000000000000000000e+00 3.744571655988693237e-02 1.119116097688674927e-01
4.000000000000000000e+00 4.000000000000000000e+00 2.157657407224178314e-02 6.480997800827026367e-02
5.000000000000000000e+00 5.000000000000000000e+00 1.877913437783718109e-02 5.659770965576171875e-02
6.000000000000000000e+00 6.000000000000000000e+00 1.739438623189926147e-02 5.237204954028129578e-02
7.000000000000000000e+00 7.000000000000000000e+00 1.736653409898281097e-02 5.214485526084899902e-02
8.000000000000000000e+00 8.000000000000000000e+00 1.690500229597091675e-02 5.079618841409683228e-02
9.000000000000000000e+00 9.000000000000000000e+00 1.650796271860599518e-02 4.969689995050430298e-02
1.000000000000000000e+01 1.000000000000000000e+01 1.612957753241062164e-02 4.862110316753387451e-02
1.100000000000000000e+01 1.100000000000000000e+01 1.572916470468044281e-02 4.746016860008239746e-02
1.200000000000000000e+01 1.200000000000000000e+01 1.537296362221240997e-02 4.642864316701889038e-02
1.300000000000000000e+01 1.300000000000000000e+01 1.503936108201742172e-02 4.549053311347961426e-02
1.400000000000000000e+01 1.400000000000000000e+01 1.459858939051628113e-02 4.427175223827362061e-02
1.500000000000000000e+01 1.500000000000000000e+01 1.409790106117725372e-02 4.287791997194290161e-02
1.600000000000000000e+01 1.600000000000000000e+01 1.360367517918348312e-02 4.148828983306884766e-02
1.700000000000000000e+01 1.700000000000000000e+01 1.308848522603511810e-02 4.000898450613021851e-02
1.800000000000000000e+01 1.800000000000000000e+01 1.261374913156032562e-02 3.864488750696182251e-02
1.900000000000000000e+01 1.900000000000000000e+01 1.209564320743083954e-02 3.718572482466697693e-02
2.000000000000000000e+01 2.000000000000000000e+01 1.164068374782800674e-02 3.590700402855873108e-02
2.100000000000000000e+01 2.100000000000000000e+01 1.121000573039054871e-02 3.465894609689712524e-02
2.200000000000000000e+01 2.200000000000000000e+01 1.083697937428951263e-02 3.354418650269508362e-02
2.300000000000000000e+01 2.300000000000000000e+01 1.056943181902170181e-02 3.275546431541442871e-02
2.400000000000000000e+01 2.400000000000000000e+01 1.032392494380474091e-02 3.207196295261383057e-02
2.500000000000000000e+01 2.500000000000000000e+01 1.017711497843265533e-02 3.167223930358886719e-02
2.600000000000000000e+01 2.600000000000000000e+01 1.003419514745473862e-02 3.131014481186866760e-02
2.700000000000000000e+01 2.700000000000000000e+01 9.973647072911262512e-03 3.122177161276340485e-02
2.800000000000000000e+01 2.800000000000000000e+01 9.929170832037925720e-03 3.119563683867454529e-02
2.900000000000000000e+01 2.900000000000000000e+01 9.892137721180915833e-03 3.118115290999412537e-02
3.000000000000000000e+01 3.000000000000000000e+01 9.844211861491203308e-03 3.111739084124565125e-02
3.100000000000000000e+01 3.100000000000000000e+01 9.779494255781173706e-03 3.099064901471138000e-02
3.200000000000000000e+01 3.200000000000000000e+01 9.699500165879726410e-03 3.084173984825611115e-02
3.300000000000000000e+01 3.300000000000000000e+01 9.595287032425403595e-03 3.060781024396419525e-02
3.400000000000000000e+01 3.400000000000000000e+01 9.482067078351974487e-03 3.034698963165283203e-02
3.500000000000000000e+01 3.500000000000000000e+01 9.348395280539989471e-03 3.003580868244171143e-02
3.600000000000000000e+01 3.600000000000000000e+01 9.210150688886642456e-03 2.964686974883079529e-02
3.700000000000000000e+01 3.700000000000000000e+01 9.103251621127128601e-03 2.940323948860168457e-02
3.800000000000000000e+01 3.800000000000000000e+01 8.995663374662399292e-03 2.910603955388069153e-02
3.900000000000000000e+01 3.900000000000000000e+01 8.993525058031082153e-03 2.915030717849731445e-02
4.000000000000000000e+01 4.000000000000000000e+01 8.864633738994598389e-03 2.871844545006752014e-02
4.100000000000000000e+01 4.100000000000000000e+01 8.737795054912567139e-03 2.840109542012214661e-02
4.200000000000000000e+01 4.200000000000000000e+01 8.490804582834243774e-03 2.763951011002063751e-02
4.300000000000000000e+01 4.300000000000000000e+01 8.364102803170681000e-03 2.729830704629421234e-02
4.400000000000000000e+01 4.400000000000000000e+01 8.323753252625465393e-03 2.723399177193641663e-02
4.500000000000000000e+01 4.500000000000000000e+01 8.286469615995883942e-03 2.710907347500324249e-02
4.600000000000000000e+01 4.600000000000000000e+01 8.271040394902229309e-03 2.711289376020431519e-02
4.700000000000000000e+01 4.700000000000000000e+01 8.242091163992881775e-03 2.703959494829177856e-02
4.800000000000000000e+01 4.800000000000000000e+01 8.210113272070884705e-03 2.698236517608165741e-02
4.900000000000000000e+01 4.900000000000000000e+01 8.150072768330574036e-03 2.682684920728206635e-02
5.000000000000000000e+01 5.000000000000000000e+01 8.278519846498966217e-03 2.723410911858081818e-02
5.100000000000000000e+01 5.100000000000000000e+01 8.923206478357315063e-03 2.917502447962760925e-02
5.200000000000000000e+01 5.200000000000000000e+01 9.486082941293716431e-03 3.081597015261650085e-02
5.300000000000000000e+01 5.300000000000000000e+01 8.310401812195777893e-03 2.751826494932174683e-02
5.400000000000000000e+01 5.400000000000000000e+01 8.630309253931045532e-03 2.826538123190402985e-02
5.500000000000000000e+01 5.500000000000000000e+01 8.594298735260963440e-03 2.806654758751392365e-02
5.600000000000000000e+01 5.600000000000000000e+01 7.948417216539382935e-03 2.624694816768169403e-02
5.700000000000000000e+01 5.700000000000000000e+01 8.253853768110275269e-03 2.719847671687602997e-02
5.800000000000000000e+01 5.800000000000000000e+01 7.820237427949905396e-03 2.594006620347499847e-02
5.900000000000000000e+01 5.900000000000000000e+01 8.058574050664901733e-03 2.662002295255661011e-02
6.000000000000000000e+01 6.000000000000000000e+01 7.680954877287149429e-03 2.553382888436317444e-02
6.100000000000000000e+01 6.100000000000000000e+01 7.800112012773752213e-03 2.595683373510837555e-02
6.200000000000000000e+01 6.200000000000000000e+01 7.580151315778493881e-03 2.537948638200759888e-02
6.300000000000000000e+01 6.300000000000000000e+01 7.619300391525030136e-03 2.558499947190284729e-02
6.400000000000000000e+01 6.400000000000000000e+01 7.495956495404243469e-03 2.526839450001716614e-02
6.500000000000000000e+01 6.500000000000000000e+01 7.424252107739448547e-03 2.511327154934406281e-02
6.600000000000000000e+01 6.600000000000000000e+01 7.344854064285755157e-03 2.490182593464851379e-02
6.700000000000000000e+01 6.700000000000000000e+01 7.253358140587806702e-03 2.468725293874740601e-02
6.800000000000000000e+01 6.800000000000000000e+01 7.235578261315822601e-03 2.472684346139431000e-02
6.900000000000000000e+01 6.900000000000000000e+01 7.149162702262401581e-03 2.447438612580299377e-02
7.000000000000000000e+01 7.000000000000000000e+01 7.262934930622577667e-03 2.489140816032886505e-02
7.100000000000000000e+01 7.100000000000000000e+01 7.736742962151765823e-03 2.627586573362350464e-02
7.200000000000000000e+01 7.200000000000000000e+01 9.307055734097957611e-03 3.095174580812454224e-02
7.300000000000000000e+01 7.300000000000000000e+01 9.514214470982551575e-03 3.130213543772697449e-02
7.400000000000000000e+01 7.400000000000000000e+01 8.343670517206192017e-03 2.783091366291046143e-02
7.500000000000000000e+01 7.500000000000000000e+01 8.849070407450199127e-03 2.938781678676605225e-02
7.600000000000000000e+01 7.600000000000000000e+01 8.043897338211536407e-03 2.683994919061660767e-02
7.700000000000000000e+01 7.700000000000000000e+01 8.117828518152236938e-03 2.703755721449851990e-02
7.800000000000000000e+01 7.800000000000000000e+01 7.906414568424224854e-03 2.637138217687606812e-02
7.900000000000000000e+01 7.900000000000000000e+01 7.943736389279365540e-03 2.648813277482986450e-02
8.000000000000000000e+01 8.000000000000000000e+01 7.629772648215293884e-03 2.557436004281044006e-02
8.100000000000000000e+01 8.100000000000000000e+01 7.699004374444484711e-03 2.583751641213893890e-02
8.200000000000000000e+01 8.200000000000000000e+01 7.506290916353464127e-03 2.529873512685298920e-02
8.300000000000000000e+01 8.300000000000000000e+01 7.388679310679435730e-03 2.493237517774105072e-02
8.400000000000000000e+01 8.400000000000000000e+01 7.446949370205402374e-03 2.510472945868968964e-02
8.500000000000000000e+01 8.500000000000000000e+01 7.153985090553760529e-03 2.433843165636062622e-02
8.600000000000000000e+01 8.600000000000000000e+01 7.230896968394517899e-03 2.463943511247634888e-02
8.700000000000000000e+01 8.700000000000000000e+01 7.064010016620159149e-03 2.422410622239112854e-02
8.800000000000000000e+01 8.800000000000000000e+01 6.996111478656530380e-03 2.407684922218322754e-02
8.900000000000000000e+01 8.900000000000000000e+01 6.934896111488342285e-03 2.394426986575126648e-02
9.000000000000000000e+01 9.000000000000000000e+01 6.832275539636611938e-03 2.366596832871437073e-02
9.100000000000000000e+01 9.100000000000000000e+01 6.786456331610679626e-03 2.356199920177459717e-02
9.200000000000000000e+01 9.200000000000000000e+01 6.686458364129066467e-03 2.333859354257583618e-02
9.300000000000000000e+01 9.300000000000000000e+01 6.642453838139772415e-03 2.328021824359893799e-02
9.400000000000000000e+01 9.400000000000000000e+01 6.529119331389665604e-03 2.305550314486026764e-02
9.500000000000000000e+01 9.500000000000000000e+01 6.492844782769680023e-03 2.304885350167751312e-02
9.700000000000000000e+01 9.700000000000000000e+01 6.393080577254295349e-03 2.273563668131828308e-02
9.800000000000000000e+01 9.800000000000000000e+01 6.428401917219161987e-03 2.288824319839477539e-02
9.900000000000000000e+01 9.900000000000000000e+01 6.818641442805528641e-03 2.419571205973625183e-02
1.000000000000000000e+02 1.000000000000000000e+02 8.578123524785041809e-03 2.911831438541412354e-02
1.010000000000000000e+02 1.010000000000000000e+02 8.804767392575740814e-03 2.995925396680831909e-02
1.020000000000000000e+02 1.020000000000000000e+02 7.620616815984249115e-03 2.628559060394763947e-02
1.030000000000000000e+02 1.030000000000000000e+02 7.890012115240097046e-03 2.690015919506549835e-02
1.050000000000000000e+02 1.050000000000000000e+02 7.271807640790939331e-03 2.499956078827381134e-02
1.060000000000000000e+02 1.060000000000000000e+02 6.916149519383907318e-03 2.382932975888252258e-02
1.070000000000000000e+02 1.070000000000000000e+02 7.106322795152664185e-03 2.430922910571098328e-02
1.080000000000000000e+02 1.080000000000000000e+02 6.718853488564491272e-03 2.326830103993415833e-02
1.100000000000000000e+02 1.100000000000000000e+02 6.574668455868959427e-03 2.300710603594779968e-02
1.110000000000000000e+02 1.110000000000000000e+02 6.657737307250499725e-03 2.323436737060546875e-02
1.120000000000000000e+02 1.120000000000000000e+02 6.451592314988374710e-03 2.277550846338272095e-02
1.140000000000000000e+02 1.140000000000000000e+02 6.294168531894683838e-03 2.243764325976371765e-02
1.150000000000000000e+02 1.150000000000000000e+02 6.253565661609172821e-03 2.233171276748180389e-02
1.160000000000000000e+02 1.160000000000000000e+02 6.178108975291252136e-03 2.227049507200717926e-02
1.180000000000000000e+02 1.180000000000000000e+02 6.032483186572790146e-03 2.187572978436946869e-02
1.190000000000000000e+02 1.190000000000000000e+02 5.955829285085201263e-03 2.175575122237205505e-02
1.200000000000000000e+02 1.200000000000000000e+02 5.861067213118076324e-03 2.155536599457263947e-02
1.220000000000000000e+02 1.220000000000000000e+02 5.756156984716653824e-03 2.138143032789230347e-02
1.230000000000000000e+02 1.230000000000000000e+02 5.681242328137159348e-03 2.115624770522117615e-02
1.250000000000000000e+02 1.250000000000000000e+02 5.699329078197479248e-03 2.137986384332180023e-02
1.260000000000000000e+02 1.260000000000000000e+02 5.997438915073871613e-03 2.214901149272918701e-02
1.270000000000000000e+02 1.270000000000000000e+02 7.049804553389549255e-03 2.532176673412322998e-02
1.290000000000000000e+02 1.290000000000000000e+02 8.308565244078636169e-03 2.880484238266944885e-02
1.300000000000000000e+02 1.300000000000000000e+02 7.961880415678024292e-03 2.789087779819965363e-02
1.320000000000000000e+02 1.320000000000000000e+02 7.164673879742622375e-03 2.497401088476181030e-02
1.340000000000000000e+02 1.340000000000000000e+02 6.978960707783699036e-03 2.456878870725631714e-02
1.350000000000000000e+02 1.350000000000000000e+02 6.743302568793296814e-03 2.369985170662403107e-02
1.370000000000000000e+02 1.370000000000000000e+02 6.547626107931137085e-03 2.303976938128471375e-02
1.380000000000000000e+02 1.380000000000000000e+02 6.445827893912792206e-03 2.280980348587036133e-02
1.400000000000000000e+02 1.400000000000000000e+02 6.188636645674705505e-03 2.224486507475376129e-02
1.410000000000000000e+02 1.410000000000000000e+02 6.185979116708040237e-03 2.226767502725124359e-02
1.430000000000000000e+02 1.430000000000000000e+02 5.950197577476501465e-03 2.163125574588775635e-02
1.450000000000000000e+02 1.450000000000000000e+02 5.762943997979164124e-03 2.121934480965137482e-02
1.460000000000000000e+02 1.460000000000000000e+02 5.702079273760318756e-03 2.112338691949844360e-02
1.480000000000000000e+02 1.480000000000000000e+02 5.531892180442810059e-03 2.078546024858951569e-02
1.500000000000000000e+02 1.500000000000000000e+02 5.406436044722795486e-03 2.051458507776260376e-02
1.520000000000000000e+02 1.520000000000000000e+02 5.355072207748889923e-03 2.051123976707458496e-02
1.530000000000000000e+02 1.530000000000000000e+02 5.381062626838684082e-03 2.058716863393783569e-02
1.550000000000000000e+02 1.550000000000000000e+02 5.696673877537250519e-03 2.163452655076980591e-02
1.570000000000000000e+02 1.570000000000000000e+02 5.360970273613929749e-03 2.068624086678028107e-02
1.590000000000000000e+02 1.590000000000000000e+02 5.124190356582403183e-03 2.005542628467082977e-02
1.610000000000000000e+02 1.610000000000000000e+02 5.271806381642818451e-03 2.064103260636329651e-02
1.630000000000000000e+02 1.630000000000000000e+02 4.933387972414493561e-03 1.972785592079162598e-02
1.640000000000000000e+02 1.640000000000000000e+02 4.932002630084753036e-03 1.972454041242599487e-02
1.660000000000000000e+02 1.660000000000000000e+02 5.266117863357067108e-03 2.083590254187583923e-02
1.680000000000000000e+02 1.680000000000000000e+02 5.408095661550760269e-03 2.118338271975517273e-02
1.700000000000000000e+02 1.700000000000000000e+02 5.659191403537988663e-03 2.188472077250480652e-02
1.720000000000000000e+02 1.720000000000000000e+02 6.223823875188827515e-03 2.353313937783241272e-02
1.740000000000000000e+02 1.740000000000000000e+02 6.394517607986927032e-03 2.384085766971111298e-02
1.760000000000000000e+02 1.760000000000000000e+02 5.515415221452713013e-03 2.119927480816841125e-02
1.780000000000000000e+02 1.780000000000000000e+02 5.286330822855234146e-03 2.052755467593669891e-02
1.800000000000000000e+02 1.800000000000000000e+02 5.146498791873455048e-03 2.018956467509269714e-02
1.820000000000000000e+02 1.820000000000000000e+02 4.944860935211181641e-03 1.964648254215717316e-02
1.850000000000000000e+02 1.850000000000000000e+02 4.720275290310382843e-03 1.917871087789535522e-02
1.870000000000000000e+02 1.870000000000000000e+02 4.576991777867078781e-03 1.885437406599521637e-02
1.890000000000000000e+02 1.890000000000000000e+02 4.486434161663055420e-03 1.871973648667335510e-02
1.910000000000000000e+02 1.910000000000000000e+02 4.495896399021148682e-03 1.875333860516548157e-02
1.930000000000000000e+02 1.930000000000000000e+02 4.722933284938335419e-03 1.961814984679222107e-02
1.960000000000000000e+02 1.960000000000000000e+02 5.045271944254636765e-03 2.063104882836341858e-02
1.980000000000000000e+02 1.980000000000000000e+02 4.700588062405586243e-03 1.951000653207302094e-02
2.000000000000000000e+02 2.000000000000000000e+02 4.855041392147541046e-03 1.992193050682544708e-02
2.020000000000000000e+02 2.020000000000000000e+02 5.009712651371955872e-03 2.046775631606578827e-02
2.050000000000000000e+02 2.050000000000000000e+02 5.236653611063957214e-03 2.111901715397834778e-02
2.070000000000000000e+02 2.070000000000000000e+02 4.863186739385128021e-03 2.004493772983551025e-02
2.100000000000000000e+02 2.100000000000000000e+02 4.531067796051502228e-03 1.904339343309402466e-02
2.120000000000000000e+02 2.120000000000000000e+02 4.393160343170166016e-03 1.869238168001174927e-02
2.140000000000000000e+02 2.140000000000000000e+02 4.286972805857658386e-03 1.847472228109836578e-02
2.170000000000000000e+02 2.170000000000000000e+02 4.083912353962659836e-03 1.793745905160903931e-02
2.190000000000000000e+02 2.190000000000000000e+02 4.043868277221918106e-03 1.800901629030704498e-02
2.220000000000000000e+02 2.220000000000000000e+02 4.121661186218261719e-03 1.843283511698246002e-02
2.250000000000000000e+02 2.250000000000000000e+02 5.455665290355682373e-03 2.223705500364303589e-02
2.270000000000000000e+02 2.270000000000000000e+02 4.407810978591442108e-03 1.912644691765308380e-02
2.300000000000000000e+02 2.300000000000000000e+02 4.549561068415641785e-03 1.948011107742786407e-02
2.330000000000000000e+02 2.330000000000000000e+02 4.314212128520011902e-03 1.872235909104347229e-02
2.350000000000000000e+02 2.350000000000000000e+02 4.192467778921127319e-03 1.835763826966285706e-02
2.380000000000000000e+02 2.380000000000000000e+02 4.010284785181283951e-03 1.793715357780456543e-02
2.410000000000000000e+02 2.410000000000000000e+02 3.779402468353509903e-03 1.738977432250976562e-02
2.430000000000000000e+02 2.430000000000000000e+02 3.666824661195278168e-03 1.721876859664916992e-02
2.460000000000000000e+02 2.460000000000000000e+02 3.880084259435534477e-03 1.798503473401069641e-02
2.490000000000000000e+02 2.490000000000000000e+02 6.213244516402482986e-03 2.466897107660770416e-02
2.520000000000000000e+02 2.520000000000000000e+02 5.322938784956932068e-03 2.183881774544715881e-02
2.550000000000000000e+02 2.550000000000000000e+02 4.545935429632663727e-03 1.949970237910747528e-02
2.580000000000000000e+02 2.580000000000000000e+02 4.145291168242692947e-03 1.838554069399833679e-02
2.610000000000000000e+02 2.610000000000000000e+02 3.955763764679431915e-03 1.787497475743293762e-02
2.640000000000000000e+02 2.640000000000000000e+02 3.758342005312442780e-03 1.748929359018802643e-02
2.670000000000000000e+02 2.670000000000000000e+02 3.507327288389205933e-03 1.686992868781089783e-02
2.700000000000000000e+02 2.700000000000000000e+02 3.427660558372735977e-03 1.677468046545982361e-02
2.730000000000000000e+02 2.730000000000000000e+02 3.467306029051542282e-03 1.709735020995140076e-02
2.760000000000000000e+02 2.760000000000000000e+02 4.851671401411294937e-03 2.090885490179061890e-02
2.800000000000000000e+02 2.800000000000000000e+02 4.861178342252969742e-03 2.089180797338485718e-02
2.830000000000000000e+02 2.830000000000000000e+02 3.919536247849464417e-03 1.801446266472339630e-02
2.860000000000000000e+02 2.860000000000000000e+02 3.689477220177650452e-03 1.749945431947708130e-02
2.900000000000000000e+02 2.900000000000000000e+02 3.494083881378173828e-03 1.712730154395103455e-02
2.930000000000000000e+02 2.930000000000000000e+02 3.327022772282361984e-03 1.665386371314525604e-02
2.960000000000000000e+02 2.960000000000000000e+02 3.380965907126665115e-03 1.697236672043800354e-02
3.000000000000000000e+02 3.000000000000000000e+02 3.618592396378517151e-03 1.759367808699607849e-02
3.030000000000000000e+02 3.030000000000000000e+02 3.550260327756404877e-03 1.734139211475849152e-02
3.070000000000000000e+02 3.070000000000000000e+02 3.353342413902282715e-03 1.708140224218368530e-02
3.100000000000000000e+02 3.100000000000000000e+02 3.853135276585817337e-03 1.849137991666793823e-02
3.140000000000000000e+02 3.140000000000000000e+02 3.564802231267094612e-03 1.754083484411239624e-02
3.180000000000000000e+02 3.180000000000000000e+02 3.396095708012580872e-03 1.711796596646308899e-02
3.210000000000000000e+02 3.210000000000000000e+02 3.322274424135684967e-03 1.691011711955070496e-02
3.250000000000000000e+02 3.250000000000000000e+02 3.081485163420438766e-03 1.626667007803916931e-02
3.290000000000000000e+02 3.290000000000000000e+02 3.100416855886578560e-03 1.666952483355998993e-02
3.330000000000000000e+02 3.330000000000000000e+02 3.861944889649748802e-03 1.864382997155189514e-02
3.360000000000000000e+02 3.360000000000000000e+02 3.951804712414741516e-03 1.898722350597381592e-02
3.400000000000000000e+02 3.400000000000000000e+02 3.423709888011217117e-03 1.726390421390533447e-02
3.440000000000000000e+02 3.440000000000000000e+02 3.013335168361663818e-03 1.627396792173385620e-02
3.480000000000000000e+02 3.480000000000000000e+02 2.781669609248638153e-03 1.579053327441215515e-02
3.520000000000000000e+02 3.520000000000000000e+02 3.021633950993418694e-03 1.659497432410717010e-02
3.560000000000000000e+02 3.560000000000000000e+02 3.464500419795513153e-03 1.771118864417076111e-02
3.610000000000000000e+02 3.610000000000000000e+02 2.887496026232838631e-03 1.607771031558513641e-02
3.650000000000000000e+02 3.650000000000000000e+02 2.890552394092082977e-03 1.617166772484779358e-02
3.690000000000000000e+02 3.690000000000000000e+02 2.663556253537535667e-03 1.556300651282072067e-02
3.730000000000000000e+02 3.730000000000000000e+02 2.594448160380125046e-03 1.553761772811412811e-02
3.780000000000000000e+02 3.780000000000000000e+02 4.143424797803163528e-03 1.985519938170909882e-02
3.820000000000000000e+02 3.820000000000000000e+02 3.151399549096822739e-03 1.670369878411293030e-02
3.860000000000000000e+02 3.860000000000000000e+02 3.163556801155209541e-03 1.694065891206264496e-02
3.910000000000000000e+02 3.910000000000000000e+02 2.733001019805669785e-03 1.590226218104362488e-02
3.950000000000000000e+02 3.950000000000000000e+02 2.457796828821301460e-03 1.521228440105915070e-02
4.000000000000000000e+02 4.000000000000000000e+02 2.811758313328027725e-03 1.646157167851924896e-02
4.050000000000000000e+02 4.050000000000000000e+02 2.909257076680660248e-03 1.661535538733005524e-02
4.090000000000000000e+02 4.090000000000000000e+02 2.948043867945671082e-03 1.657887920737266541e-02
4.140000000000000000e+02 4.140000000000000000e+02 2.841098932549357414e-03 1.626916229724884033e-02
4.190000000000000000e+02 4.190000000000000000e+02 2.423102734610438347e-03 1.527377031743526459e-02
4.240000000000000000e+02 4.240000000000000000e+02 2.506915014237165451e-03 1.570821925997734070e-02
4.290000000000000000e+02 4.290000000000000000e+02 2.702692290768027306e-03 1.638052985072135925e-02
4.340000000000000000e+02 4.340000000000000000e+02 2.913840115070343018e-03 1.668826676905155182e-02
4.390000000000000000e+02 4.390000000000000000e+02 2.774181775748729706e-03 1.625202037394046783e-02
4.440000000000000000e+02 4.440000000000000000e+02 2.316004363819956779e-03 1.511771511286497116e-02
4.490000000000000000e+02 4.490000000000000000e+02 2.163220662623643875e-03 1.486339885741472244e-02
4.540000000000000000e+02 4.540000000000000000e+02 2.606577938422560692e-03 1.638322137296199799e-02
4.590000000000000000e+02 4.590000000000000000e+02 2.801591064780950546e-03 1.672128029167652130e-02
4.650000000000000000e+02 4.650000000000000000e+02 2.460885560140013695e-03 1.579856127500534058e-02
4.700000000000000000e+02 4.700000000000000000e+02 2.430279972031712532e-03 1.569282449781894684e-02
4.760000000000000000e+02 4.760000000000000000e+02 2.375312615185976028e-03 1.560168992727994919e-02
4.810000000000000000e+02 4.810000000000000000e+02 2.204520627856254578e-03 1.520952116698026657e-02
4.870000000000000000e+02 4.870000000000000000e+02 2.208340913057327271e-03 1.540081761777400970e-02
4.920000000000000000e+02 4.920000000000000000e+02 2.222185023128986359e-03 1.545982621610164642e-02
4.980000000000000000e+02 4.980000000000000000e+02 2.312917262315750122e-03 1.566207408905029297e-02
5.040000000000000000e+02 5.040000000000000000e+02 2.609331626445055008e-03 1.644310727715492249e-02
5.100000000000000000e+02 5.100000000000000000e+02 2.077999059110879898e-03 1.497604325413703918e-02
5.160000000000000000e+02 5.160000000000000000e+02 1.931368140503764153e-03 1.466005481779575348e-02
5.220000000000000000e+02 5.220000000000000000e+02 2.351186703890562057e-03 1.607624068856239319e-02
5.280000000000000000e+02 5.280000000000000000e+02 2.604646608233451843e-03 1.643023267388343811e-02
5.340000000000000000e+02 5.340000000000000000e+02 2.265038667246699333e-03 1.549672707915306091e-02
5.400000000000000000e+02 5.400000000000000000e+02 1.921181101351976395e-03 1.464686170220375061e-02
5.460000000000000000e+02 5.460000000000000000e+02 1.845816383138298988e-03 1.466339826583862305e-02
5.530000000000000000e+02 5.530000000000000000e+02 2.552949357777833939e-03 1.675894483923912048e-02
5.590000000000000000e+02 5.590000000000000000e+02 2.313294447958469391e-03 1.575251296162605286e-02
5.650000000000000000e+02 5.650000000000000000e+02 1.949483528733253479e-03 1.468774117529392242e-02
5.720000000000000000e+02 5.720000000000000000e+02 1.704823458567261696e-03 1.431145705282688141e-02
5.790000000000000000e+02 5.790000000000000000e+02 2.969470107927918434e-03 1.797392033040523529e-02
5.850000000000000000e+02 5.850000000000000000e+02 2.019120613113045692e-03 1.522514037787914276e-02
5.920000000000000000e+02 5.920000000000000000e+02 1.832287525758147240e-03 1.466548256576061249e-02
5.990000000000000000e+02 5.990000000000000000e+02 1.641637529246509075e-03 1.431867107748985291e-02
6.060000000000000000e+02 6.060000000000000000e+02 1.801870763301849365e-03 1.499754749238491058e-02
6.130000000000000000e+02 6.130000000000000000e+02 1.983439549803733826e-03 1.534572523087263107e-02
6.200000000000000000e+02 6.200000000000000000e+02 2.361370949074625969e-03 1.625205762684345245e-02
6.270000000000000000e+02 6.270000000000000000e+02 1.763450913131237030e-03 1.460150256752967834e-02
6.350000000000000000e+02 6.350000000000000000e+02 1.502837287262082100e-03 1.411349046975374222e-02
6.420000000000000000e+02 6.420000000000000000e+02 2.308177063241600990e-03 1.669681444764137268e-02
6.490000000000000000e+02 6.490000000000000000e+02 1.742015709169209003e-03 1.486569736152887344e-02
6.570000000000000000e+02 6.570000000000000000e+02 1.623015268705785275e-03 1.447621360421180725e-02
6.640000000000000000e+02 6.640000000000000000e+02 1.473990501835942268e-03 1.424689963459968567e-02
6.720000000000000000e+02 6.720000000000000000e+02 1.632348401471972466e-03 1.476931758224964142e-02
6.800000000000000000e+02 6.800000000000000000e+02 1.673709950409829617e-03 1.489505637437105179e-02
6.880000000000000000e+02 6.880000000000000000e+02 1.758854370564222336e-03 1.522539928555488586e-02
6.960000000000000000e+02 6.960000000000000000e+02 1.677341642789542675e-03 1.488071680068969727e-02
7.040000000000000000e+02 7.040000000000000000e+02 1.421558903530240059e-03 1.423859316855669022e-02
7.120000000000000000e+02 7.120000000000000000e+02 1.915070228278636932e-03 1.569581031799316406e-02
7.200000000000000000e+02 7.200000000000000000e+02 1.926060765981674194e-03 1.538180932402610779e-02
7.290000000000000000e+02 7.290000000000000000e+02 1.529500237666070461e-03 1.426432467997074127e-02
7.370000000000000000e+02 7.370000000000000000e+02 1.310663064941763878e-03 1.393833756446838379e-02
7.460000000000000000e+02 7.460000000000000000e+02 1.504393992945551872e-03 1.464899349957704544e-02
7.540000000000000000e+02 7.540000000000000000e+02 1.499910838901996613e-03 1.450295373797416687e-02
7.630000000000000000e+02 7.630000000000000000e+02 1.365270232781767845e-03 1.419849693775177002e-02
7.720000000000000000e+02 7.720000000000000000e+02 1.321066753007471561e-03 1.426884531974792480e-02
7.810000000000000000e+02 7.810000000000000000e+02 1.477009849622845650e-03 1.460631936788558960e-02
7.900000000000000000e+02 7.900000000000000000e+02 1.676635351032018661e-03 1.529946178197860718e-02
7.990000000000000000e+02 7.990000000000000000e+02 1.400663633830845356e-03 1.441069692373275757e-02
8.080000000000000000e+02 8.080000000000000000e+02 1.594621222466230392e-03 1.496385876089334488e-02
8.180000000000000000e+02 8.180000000000000000e+02 1.147050410509109497e-03 1.376108080148696899e-02
8.270000000000000000e+02 8.270000000000000000e+02 2.016149926930665970e-03 1.645180769264698029e-02
8.370000000000000000e+02 8.370000000000000000e+02 1.659934874624013901e-03 1.506255939602851868e-02
8.470000000000000000e+02 8.470000000000000000e+02 1.113697886466979980e-03 1.371034886687994003e-02
8.560000000000000000e+02 8.560000000000000000e+02 1.215708791278302670e-03 1.418992411345243454e-02
8.660000000000000000e+02 8.660000000000000000e+02 1.745818415656685829e-03 1.548762805759906769e-02
8.760000000000000000e+02 8.760000000000000000e+02 1.166813075542449951e-03 1.398901268839836121e-02
8.870000000000000000e+02 8.870000000000000000e+02 1.096019288524985313e-03 1.399330515414476395e-02
8.970000000000000000e+02 8.970000000000000000e+02 1.575439237058162689e-03 1.509484089910984039e-02
9.070000000000000000e+02 9.070000000000000000e+02 1.145310699939727783e-03 1.392593234777450562e-02
9.180000000000000000e+02 9.180000000000000000e+02 1.572860404849052429e-03 1.540148537606000900e-02
9.280000000000000000e+02 9.280000000000000000e+02 1.442936947569251060e-03 1.468531507998704910e-02
9.390000000000000000e+02 9.390000000000000000e+02 9.656981565058231354e-04 1.360565982758998871e-02
9.500000000000000000e+02 9.500000000000000000e+02 1.557345502078533173e-03 1.555530726909637451e-02
9.610000000000000000e+02 9.610000000000000000e+02 1.235868199728429317e-03 1.434951089322566986e-02
9.720000000000000000e+02 9.720000000000000000e+02 1.118671381846070290e-03 1.415265537798404694e-02
9.830000000000000000e+02 9.830000000000000000e+02 1.107503194361925125e-03 1.409554667770862579e-02
9.950000000000000000e+02 9.950000000000000000e+02 8.667979855090379715e-04 1.359293702989816666e-02
1.006000000000000000e+03 1.006000000000000000e+03 9.648500708863139153e-04 1.381459832191467285e-02
1.018000000000000000e+03 1.018000000000000000e+03 1.469589071348309517e-03 1.494891382753849030e-02
1.030000000000000000e+03 1.030000000000000000e+03 9.214952588081359863e-04 1.375063322484493256e-02
1.042000000000000000e+03 1.042000000000000000e+03 1.090355799533426762e-03 1.426693797111511230e-02
1.054000000000000000e+03 1.054000000000000000e+03 1.728661824017763138e-03 1.575239188969135284e-02
1.066000000000000000e+03 1.066000000000000000e+03 1.074909931048750877e-03 1.401443313807249069e-02
1.079000000000000000e+03 1.079000000000000000e+03 7.802021573297679424e-04 1.350027136504650116e-02
1.091000000000000000e+03 1.091000000000000000e+03 8.809126447886228561e-04 1.369264908134937286e-02
1.104000000000000000e+03 1.104000000000000000e+03 1.280634314753115177e-03 1.468144543468952179e-02
1.116000000000000000e+03 1.116000000000000000e+03 9.248997666873037815e-04 1.365351583808660507e-02
1.129000000000000000e+03 1.129000000000000000e+03 8.453599875792860985e-04 1.379917189478874207e-02
1.143000000000000000e+03 1.143000000000000000e+03 9.217528277076780796e-04 1.390299014747142792e-02
1.156000000000000000e+03 1.156000000000000000e+03 9.614132577553391457e-04 1.403166819363832474e-02
1.169000000000000000e+03 1.169000000000000000e+03 8.136824471876025200e-04 1.364940684288740158e-02
1.183000000000000000e+03 1.183000000000000000e+03 1.281546894460916519e-03 1.515213865786790848e-02
1.196000000000000000e+03 1.196000000000000000e+03 1.016417867504060268e-03 1.410953886806964874e-02
1.210000000000000000e+03 1.210000000000000000e+03 7.284173043444752693e-04 1.351822353899478912e-02
1.224000000000000000e+03 1.224000000000000000e+03 1.183678163215517998e-03 1.477692089974880219e-02
1.239000000000000000e+03 1.239000000000000000e+03 1.450699055567383766e-03 1.546663232147693634e-02
1.253000000000000000e+03 1.253000000000000000e+03 8.291587000712752342e-04 1.375533640384674072e-02
1.267000000000000000e+03 1.267000000000000000e+03 7.824879139661788940e-04 1.365567184984683990e-02
1.282000000000000000e+03 1.282000000000000000e+03 9.754394413903355598e-04 1.414227671921253204e-02
1.297000000000000000e+03 1.297000000000000000e+03 7.241697749122977257e-04 1.351969689130783081e-02
1.312000000000000000e+03 1.312000000000000000e+03 1.013660803437232971e-03 1.453599892556667328e-02
1.327000000000000000e+03 1.327000000000000000e+03 9.716573404148221016e-04 1.404615119099617004e-02
1.343000000000000000e+03 1.343000000000000000e+03 6.840031128376722336e-04 1.357376575469970703e-02
1.358000000000000000e+03 1.358000000000000000e+03 1.126931747421622276e-03 1.475167833268642426e-02
1.374000000000000000e+03 1.374000000000000000e+03 7.273663068190217018e-04 1.379926875233650208e-02
1.390000000000000000e+03 1.390000000000000000e+03 9.247420821338891983e-04 1.436120830476284027e-02
1.406000000000000000e+03 1.406000000000000000e+03 7.869191467761993408e-04 1.389749161899089813e-02
1.422000000000000000e+03 1.422000000000000000e+03 1.012211549095809460e-03 1.441973261535167694e-02
1.439000000000000000e+03 1.439000000000000000e+03 7.004450308158993721e-04 1.376847643405199051e-02
1.455000000000000000e+03 1.455000000000000000e+03 9.849609341472387314e-04 1.470539532601833344e-02
1.472000000000000000e+03 1.472000000000000000e+03 7.561116944998502731e-04 1.367980986833572388e-02
1.489000000000000000e+03 1.489000000000000000e+03 9.433244122192263603e-04 1.448984816670417786e-02
1.507000000000000000e+03 1.507000000000000000e+03 8.752886205911636353e-04 1.418535783886909485e-02
1.524000000000000000e+03 1.524000000000000000e+03 6.115511641837656498e-04 1.341485884040594101e-02
1.542000000000000000e+03 1.542000000000000000e+03 9.697334025986492634e-04 1.451288163661956787e-02
1.560000000000000000e+03 1.560000000000000000e+03 6.634003948420286179e-04 1.361173577606678009e-02
1.578000000000000000e+03 1.578000000000000000e+03 7.590578170493245125e-04 1.387745421379804611e-02
1.596000000000000000e+03 1.596000000000000000e+03 9.958670707419514656e-04 1.462022680789232254e-02
1.615000000000000000e+03 1.615000000000000000e+03 5.739225889556109905e-04 1.339184679090976715e-02
1.633000000000000000e+03 1.633000000000000000e+03 7.065626559779047966e-04 1.386763062328100204e-02
1.652000000000000000e+03 1.652000000000000000e+03 5.770705756731331348e-04 1.346690114587545395e-02
1.671000000000000000e+03 1.671000000000000000e+03 7.635711226612329483e-04 1.410717517137527466e-02
1.691000000000000000e+03 1.691000000000000000e+03 8.289209799841046333e-04 1.384684816002845764e-02
1.710000000000000000e+03 1.710000000000000000e+03 4.361759638413786888e-04 1.319511141628026962e-02
1.730000000000000000e+03 1.730000000000000000e+03 9.753362974151968956e-04 1.435555145144462585e-02
1.750000000000000000e+03 1.750000000000000000e+03 6.095438147895038128e-04 1.363054756075143814e-02
1.771000000000000000e+03 1.771000000000000000e+03 8.627783972769975662e-04 1.430068910121917725e-02
1.791000000000000000e+03 1.791000000000000000e+03 5.529480986297130585e-04 1.358286850154399872e-02
1.812000000000000000e+03 1.812000000000000000e+03 7.881255005486309528e-04 1.412576809525489807e-02
1.833000000000000000e+03 1.833000000000000000e+03 6.731241592206060886e-04 1.391667686402797699e-02
1.854000000000000000e+03 1.854000000000000000e+03 7.251986535266041756e-04 1.413552835583686829e-02
1.876000000000000000e+03 1.876000000000000000e+03 5.445233546197414398e-04 1.358212251216173172e-02
1.897000000000000000e+03 1.897000000000000000e+03 4.217114183120429516e-04 1.329580321907997131e-02
1.919000000000000000e+03 1.919000000000000000e+03 8.445382700301706791e-04 1.420543435961008072e-02
1.942000000000000000e+03 1.942000000000000000e+03 5.935339140705764294e-04 1.379475928843021393e-02
1.964000000000000000e+03 1.964000000000000000e+03 4.754429101012647152e-04 1.352229341864585876e-02
1.987000000000000000e+03 1.987000000000000000e+03 9.755290811881422997e-04 1.461246330291032791e-02
2.010000000000000000e+03 2.010000000000000000e+03 4.496576730161905289e-04 1.345545053482055664e-02
2.033000000000000000e+03 2.033000000000000000e+03 4.385217325761914253e-04 1.335111260414123535e-02
2.057000000000000000e+03 2.057000000000000000e+03 5.124012823216617107e-04 1.355075463652610779e-02
2.081000000000000000e+03 2.081000000000000000e+03 4.005126829724758863e-04 1.324666105210781097e-02
2.105000000000000000e+03 2.105000000000000000e+03 6.975156138651072979e-04 1.408938877284526825e-02
2.129000000000000000e+03 2.129000000000000000e+03 4.809187666978687048e-04 1.351454667747020721e-02
2.154000000000000000e+03 2.154000000000000000e+03 6.261232774704694748e-04 1.373565383255481720e-02
2.179000000000000000e+03 2.179000000000000000e+03 6.627904949709773064e-04 1.423359196633100510e-02
2.204000000000000000e+03 2.204000000000000000e+03 4.501132061704993248e-04 1.354724168777465820e-02
2.230000000000000000e+03 2.230000000000000000e+03 5.828498979099094868e-04 1.389747485518455505e-02
2.256000000000000000e+03 2.256000000000000000e+03 6.843957817181944847e-04 1.411912404000759125e-02
2.282000000000000000e+03 2.282000000000000000e+03 4.366016946732997894e-04 1.344264950603246689e-02
2.308000000000000000e+03 2.308000000000000000e+03 5.563306622207164764e-04 1.382442377507686615e-02
2.335000000000000000e+03 2.335000000000000000e+03 3.738506929948925972e-04 1.329169422388076782e-02
2.362000000000000000e+03 2.362000000000000000e+03 4.873945144936442375e-04 1.358259841799736023e-02
2.389000000000000000e+03 2.389000000000000000e+03 4.621865809895098209e-04 1.357794087380170822e-02
2.417000000000000000e+03 2.417000000000000000e+03 5.681522889062762260e-04 1.385070290416479111e-02
2.445000000000000000e+03 2.445000000000000000e+03 4.858447646256536245e-04 1.366325374692678452e-02
2.473000000000000000e+03 2.473000000000000000e+03 8.890119497664272785e-04 1.474193111062049866e-02
2.502000000000000000e+03 2.502000000000000000e+03 3.956132859457284212e-04 1.349625270813703537e-02
2.531000000000000000e+03 2.531000000000000000e+03 4.818364104721695185e-04 1.368950679898262024e-02
2.560000000000000000e+03 2.560000000000000000e+03 8.776310714893043041e-04 1.478523202240467072e-02
2.590000000000000000e+03 2.590000000000000000e+03 4.911182913929224014e-04 1.366662513464689255e-02
2.620000000000000000e+03 2.620000000000000000e+03 5.148721975274384022e-04 1.383603177964687347e-02
2.651000000000000000e+03 2.651000000000000000e+03 4.839736502617597580e-04 1.365112140774726868e-02
2.681000000000000000e+03 2.681000000000000000e+03 4.994991468265652657e-04 1.369872782379388809e-02
2.712000000000000000e+03 2.712000000000000000e+03 3.684531257022172213e-04 1.347131282091140747e-02
2.744000000000000000e+03 2.744000000000000000e+03 5.458371015265583992e-04 1.399578899145126343e-02
2.776000000000000000e+03 2.776000000000000000e+03 3.250231384299695492e-04 1.328792795538902283e-02
2.808000000000000000e+03 2.808000000000000000e+03 3.223776584491133690e-04 1.327196042984724045e-02
2.840000000000000000e+03 2.840000000000000000e+03 4.256386891938745975e-04 1.354917511343955994e-02
2.873000000000000000e+03 2.873000000000000000e+03 2.939329133369028568e-04 1.326930522918701172e-02
2.907000000000000000e+03 2.907000000000000000e+03 4.969607689417898655e-04 1.371799502521753311e-02
2.940000000000000000e+03 2.940000000000000000e+03 3.093786945100873709e-04 1.338423509150743484e-02
2.974000000000000000e+03 2.974000000000000000e+03 3.474252298474311829e-04 1.336831972002983093e-02
3.009000000000000000e+03 3.009000000000000000e+03 4.800771421287208796e-04 1.399586908519268036e-02
3.044000000000000000e+03 3.044000000000000000e+03 5.267244996502995491e-04 1.372336968779563904e-02
3.079000000000000000e+03 3.079000000000000000e+03 3.444373141974210739e-04 1.351573877036571503e-02
3.115000000000000000e+03 3.115000000000000000e+03 5.010684253647923470e-04 1.375648751854896545e-02
3.151000000000000000e+03 3.151000000000000000e+03 5.328714614734053612e-04 1.405120361596345901e-02
3.187000000000000000e+03 3.187000000000000000e+03 3.670382720883935690e-04 1.356553472578525543e-02
3.224000000000000000e+03 3.224000000000000000e+03 5.040094256401062012e-04 1.387587655335664749e-02
3.262000000000000000e+03 3.262000000000000000e+03 3.270825836807489395e-04 1.347063481807708740e-02
3.300000000000000000e+03 3.300000000000000000e+03 5.267868982627987862e-04 1.405342295765876770e-02
3.338000000000000000e+03 3.338000000000000000e+03 4.015247104689478874e-04 1.363445352762937546e-02
3.376000000000000000e+03 3.376000000000000000e+03 4.706058243755251169e-04 1.388503052294254303e-02
3.416000000000000000e+03 3.416000000000000000e+03 4.069475107826292515e-04 1.356060430407524109e-02
3.455000000000000000e+03 3.455000000000000000e+03 5.313117289915680885e-04 1.410650741308927536e-02
3.495000000000000000e+03 3.495000000000000000e+03 4.626897862181067467e-04 1.382966712117195129e-02
3.536000000000000000e+03 3.536000000000000000e+03 2.435779606457799673e-04 1.310407184064388275e-02
3.577000000000000000e+03 3.577000000000000000e+03 3.841297584585845470e-04 1.356213539838790894e-02
3.618000000000000000e+03 3.618000000000000000e+03 8.723674109205603600e-04 1.512182131409645081e-02
3.660000000000000000e+03 3.660000000000000000e+03 2.888996968977153301e-04 1.355843432247638702e-02
3.703000000000000000e+03 3.703000000000000000e+03 1.966058334801346064e-04 1.319428160786628723e-02
3.746000000000000000e+03 3.746000000000000000e+03 2.478838432580232620e-04 1.324501074850559235e-02
3.789000000000000000e+03 3.789000000000000000e+03 3.198599442839622498e-04 1.343496609479188919e-02
3.833000000000000000e+03 3.833000000000000000e+03 2.965315361507236958e-04 1.354984939098358154e-02
3.877000000000000000e+03 3.877000000000000000e+03 2.004474808927625418e-04 1.317662373185157776e-02
3.922000000000000000e+03 3.922000000000000000e+03 4.178359813522547483e-04 1.347047835588455200e-02
3.968000000000000000e+03 3.968000000000000000e+03 2.748085535131394863e-04 1.350544579327106476e-02
4.014000000000000000e+03 4.014000000000000000e+03 3.778909158427268267e-04 1.369745098054409027e-02
4.060000000000000000e+03 4.060000000000000000e+03 3.087544464506208897e-04 1.352402754127979279e-02
4.107000000000000000e+03 4.107000000000000000e+03 3.024988109245896339e-04 1.352068781852722168e-02
4.155000000000000000e+03 4.155000000000000000e+03 2.872338227462023497e-04 1.354162953794002533e-02
4.203000000000000000e+03 4.203000000000000000e+03 2.660764439497143030e-04 1.332151051610708237e-02
4.252000000000000000e+03 4.252000000000000000e+03 2.311373827978968620e-04 1.337699871510267258e-02
4.301000000000000000e+03 4.301000000000000000e+03 3.601688076741993427e-04 1.366664655506610870e-02
4.351000000000000000e+03 4.351000000000000000e+03 3.042651514988392591e-04 1.358773559331893921e-02
4.401000000000000000e+03 4.401000000000000000e+03 1.957680506166070700e-04 1.322784088551998138e-02
4.452000000000000000e+03 4.452000000000000000e+03 2.756070462055504322e-04 1.353485696017742157e-02
4.504000000000000000e+03 4.504000000000000000e+03 1.776394783519208431e-04 1.320393104106187820e-02
4.556000000000000000e+03 4.556000000000000000e+03 2.418491058051586151e-04 1.327276974916458130e-02
4.609000000000000000e+03 4.609000000000000000e+03 3.295563219580799341e-04 1.353049091994762421e-02
4.663000000000000000e+03 4.663000000000000000e+03 3.540699253790080547e-04 1.365573517978191376e-02
4.717000000000000000e+03 4.717000000000000000e+03 2.512222854420542717e-04 1.345174945890903473e-02
4.771000000000000000e+03 4.771000000000000000e+03 2.737988543231040239e-04 1.348026469349861145e-02
4.827000000000000000e+03 4.827000000000000000e+03 1.801857142709195614e-04 1.309455744922161102e-02
4.882000000000000000e+03 4.882000000000000000e+03 1.576073555042967200e-04 1.312741264700889587e-02
4.939000000000000000e+03 4.939000000000000000e+03 2.313543227501213551e-04 1.334051415324211121e-02
4.996000000000000000e+03 4.996000000000000000e+03 2.574406098574399948e-04 1.355033367872238159e-02
5.054000000000000000e+03 5.054000000000000000e+03 2.351423754589632154e-04 1.331639103591442108e-02
5.113000000000000000e+03 5.113000000000000000e+03 3.164135850965976715e-04 1.352340728044509888e-02
5.172000000000000000e+03 5.172000000000000000e+03 3.274274640716612339e-04 1.378222741186618805e-02
5.232000000000000000e+03 5.232000000000000000e+03 1.876988389994949102e-04 1.324635557830333710e-02
5.293000000000000000e+03 5.293000000000000000e+03 6.458883290179073811e-04 1.431786641478538513e-02
5.354000000000000000e+03 5.354000000000000000e+03 2.481198171153664589e-04 1.349969580769538879e-02
5.416000000000000000e+03 5.416000000000000000e+03 2.832789323292672634e-04 1.355421170592308044e-02
5.479000000000000000e+03 5.479000000000000000e+03 3.982739872299134731e-04 1.385759375989437103e-02
5.542000000000000000e+03 5.542000000000000000e+03 2.464105782564729452e-04 1.332626491785049438e-02
5.607000000000000000e+03 5.607000000000000000e+03 3.585241502150893211e-04 1.373580098152160645e-02
5.672000000000000000e+03 5.672000000000000000e+03 2.735037996899336576e-04 1.335101574659347534e-02
5.737000000000000000e+03 5.737000000000000000e+03 2.496044617146253586e-04 1.336452178657054901e-02
5.804000000000000000e+03 5.804000000000000000e+03 2.754794841166585684e-04 1.342039741575717926e-02
5.871000000000000000e+03 5.871000000000000000e+03 4.208538157399743795e-04 1.389074511826038361e-02
5.939000000000000000e+03 5.939000000000000000e+03 2.135942049790173769e-04 1.334029622375965118e-02
6.008000000000000000e+03 6.008000000000000000e+03 1.938657514983788133e-04 1.326113194227218628e-02
6.078000000000000000e+03 6.078000000000000000e+03 2.033637720160186291e-04 1.328420359641313553e-02
6.148000000000000000e+03 6.148000000000000000e+03 2.278542524436488748e-04 1.351290009915828705e-02
6.220000000000000000e+03 6.220000000000000000e+03 2.370528382016345859e-04 1.340655330568552017e-02
6.292000000000000000e+03 6.292000000000000000e+03 1.627861638553440571e-04 1.312337629497051239e-02
6.365000000000000000e+03 6.365000000000000000e+03 2.959228295367211103e-04 1.349654141813516617e-02
6.438000000000000000e+03 6.438000000000000000e+03 2.368243876844644547e-04 1.350898761302232742e-02
6.513000000000000000e+03 6.513000000000000000e+03 1.138199440902099013e-04 1.303999777883291245e-02
6.588000000000000000e+03 6.588000000000000000e+03 2.716309973038733006e-04 1.349628157913684845e-02
6.665000000000000000e+03 6.665000000000000000e+03 1.076643820852041245e-04 1.310554333031177521e-02
6.742000000000000000e+03 6.742000000000000000e+03 1.332402753178030252e-04 1.307350303977727890e-02
6.820000000000000000e+03 6.820000000000000000e+03 2.002464607357978821e-04 1.332097314298152924e-02
6.899000000000000000e+03 6.899000000000000000e+03 1.454472658224403858e-04 1.306689251214265823e-02
6.979000000000000000e+03 6.979000000000000000e+03 2.002507826546207070e-04 1.340624131262302399e-02
7.060000000000000000e+03 7.060000000000000000e+03 1.498234923928976059e-04 1.307947933673858643e-02
7.142000000000000000e+03 7.142000000000000000e+03 1.397424202878028154e-04 1.312439702451229095e-02
7.225000000000000000e+03 7.225000000000000000e+03 1.183941567433066666e-04 1.300192624330520630e-02
7.309000000000000000e+03 7.309000000000000000e+03 2.892373595386743546e-04 1.351604610681533813e-02
7.393000000000000000e+03 7.393000000000000000e+03 1.413068821420893073e-04 1.320779509842395782e-02
7.479000000000000000e+03 7.479000000000000000e+03 2.314456651220098138e-04 1.347260642796754837e-02
7.566000000000000000e+03 7.566000000000000000e+03 2.259220782434567809e-04 1.344716735184192657e-02
7.653000000000000000e+03 7.653000000000000000e+03 2.337548939976841211e-04 1.348670572042465210e-02
7.742000000000000000e+03 7.742000000000000000e+03 1.490500872023403645e-04 1.320816855877637863e-02
7.832000000000000000e+03 7.832000000000000000e+03 1.472261646995320916e-04 1.317676249891519547e-02
7.923000000000000000e+03 7.923000000000000000e+03 1.899065682664513588e-04 1.338911615312099457e-02
8.014000000000000000e+03 8.014000000000000000e+03 2.010923053603619337e-04 1.317767798900604248e-02
8.107000000000000000e+03 8.107000000000000000e+03 4.654758085962384939e-04 1.403171382844448090e-02
8.201000000000000000e+03 8.201000000000000000e+03 1.783151237759739161e-04 1.336243003606796265e-02
8.296000000000000000e+03 8.296000000000000000e+03 1.106633644667454064e-04 1.310433167964220047e-02
8.393000000000000000e+03 8.393000000000000000e+03 1.113840189645998180e-04 1.302185095846652985e-02
8.490000000000000000e+03 8.490000000000000000e+03 9.882341691991314292e-05 1.312581915408372879e-02
8.588000000000000000e+03 8.588000000000000000e+03 8.898005762603133917e-05 1.297835912555456161e-02
8.688000000000000000e+03 8.688000000000000000e+03 1.040928473230451345e-04 1.317242346704006195e-02
8.789000000000000000e+03 8.789000000000000000e+03 9.300313104176893830e-05 1.306686270982027054e-02
8.890000000000000000e+03 8.890000000000000000e+03 2.822332025971263647e-04 1.343644037842750549e-02
8.993000000000000000e+03 8.993000000000000000e+03 1.640165864955633879e-04 1.330749224871397018e-02
9.098000000000000000e+03 9.098000000000000000e+03 3.397286636754870415e-04 1.347800716757774353e-02
9.203000000000000000e+03 9.203000000000000000e+03 1.411375997122377157e-04 1.326872780919075012e-02
9.310000000000000000e+03 9.310000000000000000e+03 9.616098395781591535e-05 1.305358670651912689e-02
9.418000000000000000e+03 9.418000000000000000e+03 1.678088738117367029e-04 1.333250105381011963e-02
9.527000000000000000e+03 9.527000000000000000e+03 3.578175674192607403e-04 1.345537882298231125e-02
9.637000000000000000e+03 9.637000000000000000e+03 9.137616143561899662e-05 1.314765214920043945e-02
9.749000000000000000e+03 9.749000000000000000e+03 1.218947872985154390e-04 1.317123137414455414e-02
9.862000000000000000e+03 9.862000000000000000e+03 1.198303289129398763e-04 1.299526542425155640e-02
9.976000000000000000e+03 9.976000000000000000e+03 6.460538861574605107e-05 1.299411058425903320e-02
1.009200000000000000e+04 1.009200000000000000e+04 8.991264621727168560e-05 1.311437785625457764e-02
1.020900000000000000e+04 1.020900000000000000e+04 1.697618718026205897e-04 1.323272101581096649e-02
1.032700000000000000e+04 1.032700000000000000e+04 7.020195480436086655e-04 1.407721079885959625e-02
1.044700000000000000e+04 1.044700000000000000e+04 1.349313097307458520e-04 1.308897417038679123e-02
1.056800000000000000e+04 1.056800000000000000e+04 8.484871068503707647e-05 1.307801157236099243e-02
1.069100000000000000e+04 1.069100000000000000e+04 1.719054998829960823e-04 1.339111849665641785e-02
1.081500000000000000e+04 1.081500000000000000e+04 1.153784251073375344e-04 1.304297707974910736e-02
1.094000000000000000e+04 1.094000000000000000e+04 4.520898073678836226e-05 1.294872350990772247e-02
1.106700000000000000e+04 1.106700000000000000e+04 2.340580103918910027e-04 1.339070964604616165e-02
1.119500000000000000e+04 1.119500000000000000e+04 2.561285218689590693e-04 1.355596631765365601e-02
1.132500000000000000e+04 1.132500000000000000e+04 6.641255458816885948e-05 1.301738806068897247e-02
1.145600000000000000e+04 1.145600000000000000e+04 1.531759917270392179e-04 1.325833611190319061e-02
1.158900000000000000e+04 1.158900000000000000e+04 6.096250144764780998e-04 1.386944577097892761e-02
1.172300000000000000e+04 1.172300000000000000e+04 1.362918119411915541e-04 1.322117354720830917e-02
1.185900000000000000e+04 1.185900000000000000e+04 7.395858119707554579e-05 1.295926608145236969e-02
1.199700000000000000e+04 1.199700000000000000e+04 7.020155317150056362e-05 1.296899933367967606e-02
1.213600000000000000e+04 1.213600000000000000e+04 1.838615280576050282e-04 1.337350904941558838e-02
1.227600000000000000e+04 1.227600000000000000e+04 1.885065576061606407e-04 1.342971809208393097e-02
1.241900000000000000e+04 1.241900000000000000e+04 1.823293569032102823e-04 1.322355121374130249e-02
1.256300000000000000e+04 1.256300000000000000e+04 1.022992946673184633e-04 1.318068243563175201e-02
1.270800000000000000e+04 1.270800000000000000e+04 9.147555101662874222e-05 1.303078513592481613e-02
1.285500000000000000e+04 1.285500000000000000e+04 7.066590478643774986e-05 1.290694437921047211e-02
1.300500000000000000e+04 1.300500000000000000e+04 5.286060331854969263e-05 1.296692807227373123e-02
1.315500000000000000e+04 1.315500000000000000e+04 8.230116509366780519e-05 1.304767839610576630e-02
1.330800000000000000e+04 1.330800000000000000e+04 6.218128692125901580e-05 1.300793327391147614e-02
1.346200000000000000e+04 1.346200000000000000e+04 1.482431543990969658e-04 1.322470977902412415e-02
1.361800000000000000e+04 1.361800000000000000e+04 8.429988520219922066e-05 1.307633891701698303e-02
1.377600000000000000e+04 1.377600000000000000e+04 5.219819286139681935e-05 1.300111785531044006e-02
1.393600000000000000e+04 1.393600000000000000e+04 9.684934047982096672e-05 1.298633404076099396e-02
1.409700000000000000e+04 1.409700000000000000e+04 4.100218575331382453e-05 1.285593956708908081e-02
1.426100000000000000e+04 1.426100000000000000e+04 8.288701064884662628e-05 1.308395806699991226e-02
1.442600000000000000e+04 1.442600000000000000e+04 1.714946993160992861e-04 1.330769248306751251e-02
1.459300000000000000e+04 1.459300000000000000e+04 4.830819307244382799e-05 1.295272074639797211e-02
1.476200000000000000e+04 1.476200000000000000e+04 5.094657535664737225e-05 1.286643557250499725e-02
1.493300000000000000e+04 1.493300000000000000e+04 5.706863157683983445e-05 1.293966174125671387e-02
1.510600000000000000e+04 1.510600000000000000e+04 4.757618080475367606e-05 1.296626217663288116e-02
1.528200000000000000e+04 1.528200000000000000e+04 5.735048762289807200e-05 1.296868175268173218e-02
1.545900000000000000e+04 1.545900000000000000e+04 9.613335714675486088e-05 1.304030977189540863e-02
1.563800000000000000e+04 1.563800000000000000e+04 1.624874712433665991e-04 1.319361198693513870e-02
1.581900000000000000e+04 1.581900000000000000e+04 6.997507443884387612e-05 1.307311654090881348e-02
1.600200000000000000e+04 1.600200000000000000e+04 6.333367491606622934e-05 1.293348334729671478e-02
1.618800000000000000e+04 1.618800000000000000e+04 2.656178367033135146e-05 1.290900353342294693e-02
1.637600000000000000e+04 1.637600000000000000e+04 5.259043246041983366e-05 1.301956549286842346e-02
1.656500000000000000e+04 1.656500000000000000e+04 1.471725408919155598e-04 1.326872408390045166e-02
1.675700000000000000e+04 1.675700000000000000e+04 1.080985457520000637e-04 1.314634270966053009e-02
1.695200000000000000e+04 1.695200000000000000e+04 3.972643025917932391e-05 1.292541809380054474e-02
1.714800000000000000e+04 1.714800000000000000e+04 2.614678232930600643e-04 1.318454928696155548e-02
1.734700000000000000e+04 1.734700000000000000e+04 2.335009412490762770e-05 1.286858692765235901e-02
1.754800000000000000e+04 1.754800000000000000e+04 5.352879088604822755e-05 1.294822338968515396e-02
1.775100000000000000e+04 1.775100000000000000e+04 1.747387796058319509e-05 1.283700577914714813e-02
1.795700000000000000e+04 1.795700000000000000e+04 5.397103814175352454e-05 1.294517517089843750e-02
1.816500000000000000e+04 1.816500000000000000e+04 4.180457108304835856e-05 1.301218383014202118e-02
1.837600000000000000e+04 1.837600000000000000e+04 2.419912925688549876e-05 1.291465200483798981e-02
1.858900000000000000e+04 1.858900000000000000e+04 3.559972901712171733e-05 1.297795958817005157e-02
1.880400000000000000e+04 1.880400000000000000e+04 3.672220918815582991e-05 1.282045431435108185e-02
1.902200000000000000e+04 1.902200000000000000e+04 4.857239036937244236e-05 1.296574436128139496e-02
1.924300000000000000e+04 1.924300000000000000e+04 1.969777076737955213e-05 1.281911693513393402e-02
1.946600000000000000e+04 1.946600000000000000e+04 5.877360308659262955e-05 1.289532147347927094e-02
1.969200000000000000e+04 1.969200000000000000e+04 4.032682045362889767e-05 1.294381730258464813e-02
1.992000000000000000e+04 1.992000000000000000e+04 2.465373836457729340e-05 1.281077135354280472e-02
2.015100000000000000e+04 2.015100000000000000e+04 3.371742059243842959e-05 1.288023684173822403e-02
2.038400000000000000e+04 2.038400000000000000e+04 2.395731426076963544e-04 1.324048358947038651e-02
2.062100000000000000e+04 2.062100000000000000e+04 2.228077573818154633e-05 1.284756325185298920e-02
2.086000000000000000e+04 2.086000000000000000e+04 2.310669515281915665e-05 1.290105935186147690e-02
2.110100000000000000e+04 2.110100000000000000e+04 1.057886402122676373e-05 1.279846765100955963e-02
2.134600000000000000e+04 2.134600000000000000e+04 2.811094600474461913e-05 1.285676285624504089e-02
2.159300000000000000e+04 2.159300000000000000e+04 1.874008376034907997e-05 1.277059130370616913e-02
2.184400000000000000e+04 2.184400000000000000e+04 1.290301042899955064e-05 1.279299985617399216e-02
2.209700000000000000e+04 2.209700000000000000e+04 1.083517709048464894e-04 1.305884774774312973e-02
2.235300000000000000e+04 2.235300000000000000e+04 5.262906051939353347e-05 1.297570206224918365e-02
2.261200000000000000e+04 2.261200000000000000e+04 5.037824666942469776e-05 1.286063157021999359e-02
2.287400000000000000e+04 2.287400000000000000e+04 4.476480535231530666e-05 1.286877505481243134e-02
2.313900000000000000e+04 2.313900000000000000e+04 2.756616231636144221e-05 1.282898429781198502e-02
2.340800000000000000e+04 2.340800000000000000e+04 8.642753527965396643e-05 1.297343522310256958e-02
2.367900000000000000e+04 2.367900000000000000e+04 3.480641680653207004e-05 1.281757373362779617e-02
2.395300000000000000e+04 2.395300000000000000e+04 2.111899084411561489e-05 1.280875969678163528e-02
2.423100000000000000e+04 2.423100000000000000e+04 1.512191556685138494e-05 1.278202794492244720e-02
2.451200000000000000e+04 2.451200000000000000e+04 5.072162821306847036e-05 1.285262405872344971e-02
2.479600000000000000e+04 2.479600000000000000e+04 1.277137198485434055e-04 1.317336782813072205e-02
2.508300000000000000e+04 2.508300000000000000e+04 3.773157368414103985e-05 1.279021613299846649e-02
2.537400000000000000e+04 2.537400000000000000e+04 6.315570317383389920e-06 1.274788659065961838e-02
2.566800000000000000e+04 2.566800000000000000e+04 5.987627082504332066e-04 1.380651816725730896e-02
2.596600000000000000e+04 2.596600000000000000e+04 2.665657848410774022e-05 1.277365908026695251e-02
2.626700000000000000e+04 2.626700000000000000e+04 2.861041139112785459e-05 1.281744614243507385e-02
2.657100000000000000e+04 2.657100000000000000e+04 2.011153992498293519e-05 1.273590978235006332e-02
2.687900000000000000e+04 2.687900000000000000e+04 2.096713251376058906e-05 1.275709643959999084e-02
2.719100000000000000e+04 2.719100000000000000e+04 3.744899004232138395e-05 1.281555369496345520e-02
2.750600000000000000e+04 2.750600000000000000e+04 9.335228241980075836e-06 1.270719897001981735e-02
2.782500000000000000e+04 2.782500000000000000e+04 5.342583972378633916e-05 1.269707828760147095e-02
2.814700000000000000e+04 2.814700000000000000e+04 1.556151255499571562e-05 1.262779533863067627e-02
2.847400000000000000e+04 2.847400000000000000e+04 6.737473086104728281e-06 1.271418388932943344e-02
2.880400000000000000e+04 2.880400000000000000e+04 2.706401210161857307e-05 1.275443658232688904e-02
2.913800000000000000e+04 2.913800000000000000e+04 6.541386392200365663e-05 1.284469291567802429e-02
2.947500000000000000e+04 2.947500000000000000e+04 1.172235170088242739e-05 1.279872469604015350e-02
2.981700000000000000e+04 2.981700000000000000e+04 1.287729901378042996e-05 1.274129096418619156e-02
3.016300000000000000e+04 3.016300000000000000e+04 2.147085979231633246e-05 1.273870095610618591e-02
3.051200000000000000e+04 3.051200000000000000e+04 1.252869697054848075e-04 1.267886534333229065e-02
3.086600000000000000e+04 3.086600000000000000e+04 1.137448361987480894e-05 1.291974633932113647e-02
3.122400000000000000e+04 3.122400000000000000e+04 1.665449599386192858e-05 1.288865786045789719e-02
3.158600000000000000e+04 3.158600000000000000e+04 3.431089862715452909e-05 1.286584511399269104e-02
3.195200000000000000e+04 3.195200000000000000e+04 8.209797670133411884e-06 1.277998648583889008e-02
3.232200000000000000e+04 3.232200000000000000e+04 1.647361932555213571e-05 1.280035451054573059e-02
3.269700000000000000e+04 3.269700000000000000e+04 1.247611544386018068e-05 1.283061970025300980e-02
3.307600000000000000e+04 3.307600000000000000e+04 6.499448500107973814e-05 1.297359913587570190e-02
3.345900000000000000e+04 3.345900000000000000e+04 1.499189329479122534e-05 1.282088272273540497e-02
3.384700000000000000e+04 3.384700000000000000e+04 1.152216827904339880e-05 1.277004554867744446e-02
3.423900000000000000e+04 3.423900000000000000e+04 1.829816392273642123e-05 1.274864189326763153e-02
3.463600000000000000e+04 3.463600000000000000e+04 8.378061465919017792e-05 1.261092536151409149e-02
3.503800000000000000e+04 3.503800000000000000e+04 2.046663030341733247e-05 1.280080992728471756e-02
3.544400000000000000e+04 3.544400000000000000e+04 2.002960536628961563e-05 1.275787781924009323e-02
3.585500000000000000e+04 3.585500000000000000e+04 4.438487667357549071e-05 1.279559079557657242e-02
3.627000000000000000e+04 3.627000000000000000e+04 3.855347167700529099e-04 1.323859859257936478e-02
3.669100000000000000e+04 3.669100000000000000e+04 5.933019565418362617e-05 1.284685637801885605e-02
3.711600000000000000e+04 3.711600000000000000e+04 3.960622416343539953e-05 1.275473181158304214e-02
3.754600000000000000e+04 3.754600000000000000e+04 5.849345143360551447e-06 1.265123859047889709e-02
3.798100000000000000e+04 3.798100000000000000e+04 7.145644758566049859e-06 1.263784896582365036e-02
3.842200000000000000e+04 3.842200000000000000e+04 1.741984669934026897e-05 1.263421215116977692e-02
3.886700000000000000e+04 3.886700000000000000e+04 7.379798262263648212e-06 1.269772648811340332e-02
3.931700000000000000e+04 3.931700000000000000e+04 4.974789408151991665e-05 1.282879523932933807e-02
3.977300000000000000e+04 3.977300000000000000e+04 3.730241132871014997e-06 1.265075802803039551e-02
4.023400000000000000e+04 4.023400000000000000e+04 3.936846042051911354e-06 1.264183316379785538e-02
4.070100000000000000e+04 4.070100000000000000e+04 2.058604513877071440e-05 1.270277332514524460e-02
4.117200000000000000e+04 4.117200000000000000e+04 5.653028892993461341e-06 1.267750747501850128e-02
4.165000000000000000e+04 4.165000000000000000e+04 1.125896778830792755e-05 1.268163509666919708e-02
4.213200000000000000e+04 4.213200000000000000e+04 1.748095746734179556e-05 1.270009577274322510e-02
4.262100000000000000e+04 4.262100000000000000e+04 4.024507688882295042e-06 1.264129765331745148e-02
4.311500000000000000e+04 4.311500000000000000e+04 3.198100330337183550e-06 1.262224279344081879e-02
4.361400000000000000e+04 4.361400000000000000e+04 1.076164153346326202e-05 1.264958083629608154e-02
4.412000000000000000e+04 4.412000000000000000e+04 8.279291250801179558e-06 1.272937376052141190e-02
4.463100000000000000e+04 4.463100000000000000e+04 1.264712500415043905e-05 1.266048103570938110e-02
4.514900000000000000e+04 4.514900000000000000e+04 1.961523230420425534e-05 1.263858098536729813e-02
4.567200000000000000e+04 4.567200000000000000e+04 1.126163169828942046e-05 1.271044276654720306e-02
4.620100000000000000e+04 4.620100000000000000e+04 3.487192770990077406e-06 1.260154228657484055e-02
4.673700000000000000e+04 4.673700000000000000e+04 1.064630851033143699e-05 1.260267384350299835e-02
4.727900000000000000e+04 4.727900000000000000e+04 3.352386102051241323e-06 1.268557831645011902e-02
4.782700000000000000e+04 4.782700000000000000e+04 1.287518807657761499e-05 1.257925853133201599e-02
4.838100000000000000e+04 4.838100000000000000e+04 1.114278802560875192e-05 1.261011697351932526e-02
4.894200000000000000e+04 4.894200000000000000e+04 1.882828883026377298e-06 1.264460757374763489e-02
4.950900000000000000e+04 4.950900000000000000e+04 6.698497600154951215e-06 1.260851230472326279e-02
5.008300000000000000e+04 5.008300000000000000e+04 3.528721936163492501e-05 1.269773580133914948e-02
5.066400000000000000e+04 5.066400000000000000e+04 4.422493020683759823e-06 1.258557848632335663e-02
5.125100000000000000e+04 5.125100000000000000e+04 1.113051439460832626e-05 1.260946504771709442e-02
5.184500000000000000e+04 5.184500000000000000e+04 1.027020334731787443e-05 1.281006075441837311e-02
5.244600000000000000e+04 5.244600000000000000e+04 6.123496859800070524e-06 1.269740983843803406e-02
5.305400000000000000e+04 5.305400000000000000e+04 1.907209298224188387e-05 1.267709583044052124e-02
5.366900000000000000e+04 5.366900000000000000e+04 1.680558125372044742e-05 1.269380934536457062e-02
5.429100000000000000e+04 5.429100000000000000e+04 5.819538273499347270e-06 1.261649560183286667e-02
5.492000000000000000e+04 5.492000000000000000e+04 4.983974577044136822e-06 1.267507392913103104e-02
5.555700000000000000e+04 5.555700000000000000e+04 8.980417987913824618e-06 1.259040553122758865e-02
5.620100000000000000e+04 5.620100000000000000e+04 1.358894337499805260e-06 1.256608404219150543e-02
5.685200000000000000e+04 5.685200000000000000e+04 3.553952183210640214e-06 1.257957797497510910e-02
5.751100000000000000e+04 5.751100000000000000e+04 1.405956027156207711e-05 1.258385926485061646e-02
5.817800000000000000e+04 5.817800000000000000e+04 1.726190748740918934e-05 1.277393009513616562e-02
5.885200000000000000e+04 5.885200000000000000e+04 6.247913916013203561e-06 1.266499515622854233e-02
5.953400000000000000e+04 5.953400000000000000e+04 1.543718644825275987e-05 1.263558771461248398e-02
6.022400000000000000e+04 6.022400000000000000e+04 1.598126254975795746e-05 1.268109027296304703e-02
6.092200000000000000e+04 6.092200000000000000e+04 3.443285322646261193e-06 1.257298886775970459e-02
6.162900000000000000e+04 6.162900000000000000e+04 1.564467129355762154e-05 1.260755583643913269e-02
6.234300000000000000e+04 6.234300000000000000e+04 5.374075954023282975e-06 1.257832348346710205e-02
6.306600000000000000e+04 6.306600000000000000e+04 3.327742660985677503e-06 1.256423071026802063e-02
6.379700000000000000e+04 6.379700000000000000e+04 9.330088914794032462e-07 1.263861171901226044e-02
6.453600000000000000e+04 6.453600000000000000e+04 3.171190201101126149e-06 1.257769018411636353e-02
6.528400000000000000e+04 6.528400000000000000e+04 5.898919189348816872e-04 1.335398666560649872e-02
6.604100000000000000e+04 6.604100000000000000e+04 2.093215698550920933e-06 1.268847938627004623e-02
6.680600000000000000e+04 6.680600000000000000e+04 1.435499234503367916e-05 1.261394843459129333e-02
6.758100000000000000e+04 6.758100000000000000e+04 8.813238309812732041e-06 1.265978440642356873e-02
6.836400000000000000e+04 6.836400000000000000e+04 1.894945853564422578e-05 1.255548186600208282e-02
6.915600000000000000e+04 6.915600000000000000e+04 4.114820967515697703e-06 1.255864556878805161e-02
6.995800000000000000e+04 6.995800000000000000e+04 1.598650487721897662e-05 1.259847171604633331e-02
7.076900000000000000e+04 7.076900000000000000e+04 1.800591007850016467e-06 1.252499781548976898e-02
7.158900000000000000e+04 7.158900000000000000e+04 4.508393431024160236e-06 1.253956183791160583e-02
7.241900000000000000e+04 7.241900000000000000e+04 3.627277465056977235e-06 1.252013444900512695e-02
7.325800000000000000e+04 7.325800000000000000e+04 3.044763843718101270e-06 1.278387382626533508e-02
7.410800000000000000e+04 7.410800000000000000e+04 8.210430678445845842e-06 1.267770677804946899e-02
7.496700000000000000e+04 7.496700000000000000e+04 5.890628017368726432e-06 1.261228136718273163e-02
7.583600000000000000e+04 7.583600000000000000e+04 6.288815711741335690e-06 1.259255316108465195e-02
7.671500000000000000e+04 7.671500000000000000e+04 6.746620783815160394e-06 1.258922740817070007e-02
7.760400000000000000e+04 7.760400000000000000e+04 2.068517915176926181e-06 1.253233570605516434e-02
7.850300000000000000e+04 7.850300000000000000e+04 6.829826816101558506e-06 1.258260942995548248e-02
7.941300000000000000e+04 7.941300000000000000e+04 4.332539538154378533e-05 1.259947381913661957e-02
8.033400000000000000e+04 8.033400000000000000e+04 1.132841134676709771e-05 1.263049710541963577e-02
8.126500000000000000e+04 8.126500000000000000e+04 1.509010417066747323e-05 1.257123146206140518e-02
8.220700000000000000e+04 8.220700000000000000e+04 1.822836020437534899e-05 1.253988407552242279e-02
8.316000000000000000e+04 8.316000000000000000e+04 5.140185749041847885e-06 1.257532369345426559e-02
8.412400000000000000e+04 8.412400000000000000e+04 2.471425204930710606e-06 1.247751247137784958e-02
8.509900000000000000e+04 8.509900000000000000e+04 1.384665119985584170e-05 1.252563949674367905e-02
8.608500000000000000e+04 8.608500000000000000e+04 7.427030368489795364e-07 1.243568770587444305e-02
8.708300000000000000e+04 8.708300000000000000e+04 4.075809556525200605e-06 1.256082393229007721e-02
8.809200000000000000e+04 8.809200000000000000e+04 1.007536411634646356e-05 1.248101051896810532e-02
8.911300000000000000e+04 8.911300000000000000e+04 5.918281203776132315e-06 1.244469359517097473e-02
9.014600000000000000e+04 9.014600000000000000e+04 1.132038050855044276e-06 1.259294711053371429e-02
9.119100000000000000e+04 9.119100000000000000e+04 3.461534561211010441e-06 1.253039110451936722e-02
9.224800000000000000e+04 9.224800000000000000e+04 3.629636921687051654e-06 1.247909758239984512e-02
9.331800000000000000e+04 9.331800000000000000e+04 4.226486908009974286e-06 1.265184674412012100e-02
9.439900000000000000e+04 9.439900000000000000e+04 6.288892109296284616e-06 1.260631624609231949e-02
9.549300000000000000e+04 9.549300000000000000e+04 1.203417355100100394e-06 1.249993406236171722e-02
9.660000000000000000e+04 9.660000000000000000e+04 2.958830918942112476e-06 1.246432028710842133e-02
9.772000000000000000e+04 9.772000000000000000e+04 3.706500137923285365e-05 1.254426594823598862e-02
9.885300000000000000e+04 9.885300000000000000e+04 3.237816486034716945e-07 1.248512975871562958e-02
9.999800000000000000e+04 9.999800000000000000e+04 4.118492652196437120e-04 1.338175125420093536e-02
