1.000000000000000000e+00 1.000000000000000000e+00 3.798337280750274658e-01 4.090021252632141113e-01
2.000000000000000000e+00 2.000000000000000000e+00 2.292335927486419678e-01 2.532263398170471191e-01
3.000000000000000000e+00 3.000000000000000000e+00 1.611952334642410278e-01 1.828523725271224976e-01
4.000000000000000000e+00 4.000000000000000000e+00 1.263993382453918457e-01 1.468533426523208618e-01
5.000000000000000000e+00 5.000000000000000000e+00 1.049168780446052551e-01 1.246215477585792542e-01
6.000000000000000000e+00 6.000000000000000000e+00 8.985420316457748413e-02 1.089233011007308960e-01
7.000000000000000000e+00 7.000000000000000000e+00 7.938622683286666870e-02 9.779630601406097412e-02
8.000000000000000000e+00 8.000000000000000000e+00 7.066983729600906372e-02 8.846268057823181152e-02
9.000000000000000000e+00 9.000000000000000000e+00 6.369954347610473633e-02 8.100868016481399536e-02
1.000000000000000000e+01 1.000000000000000000e+01 5.808285623788833618e-02 7.498116046190261841e-02
1.100000000000000000e+01 1.100000000000000000e+01 5.300028622150421143e-02 6.952603161334991455e-02
1.200000000000000000e+01 1.200000000000000000e+01 4.817873612046241760e-02 6.435660272836685181e-02
1.300000000000000000e+01 1.300000000000000000e+01 4.407845437526702881e-02 5.994836613535881042e-02
1.400000000000000000e+01 1.400000000000000000e+01 4.059610515832901001e-02 5.620929598808288574e-02
1.500000000000000000e+01 1.500000000000000000e+01 3.699955716729164124e-02 5.237728357315063477e-02
1.600000000000000000e+01 1.600000000000000000e+01 3.353173285722732544e-02 4.869749769568443298e-02
1.700000000000000000e+01 1.700000000000000000e+01 3.024290688335895538e-02 4.522052407264709473e-02
1.800000000000000000e+01 1.800000000000000000e+01 2.703279443085193634e-02 4.185454174876213074e-02
1.900000000000000000e+01 1.900000000000000000e+01 2.407188527286052704e-02 3.876086324453353882e-02
2.000000000000000000e+01 2.000000000000000000e+01 2.136193029582500458e-02 3.593108803033828735e-02
2.100000000000000000e+01 2.100000000000000000e+01 1.872954890131950378e-02 3.318924456834793091e-02
2.200000000000000000e+01 2.200000000000000000e+01 1.627188920974731445e-02 3.062621317803859711e-02
2.300000000000000000e+01 2.300000000000000000e+01 1.404612045735120773e-02 2.829357609152793884e-02
2.400000000000000000e+01 2.400000000000000000e+01 1.215478871017694473e-02 2.629934623837471008e-02
2.500000000000000000e+01 2.500000000000000000e+01 1.052100770175457001e-02 2.457899600267410278e-02
2.600000000000000000e+01 2.600000000000000000e+01 9.297999553382396698e-03 2.328070066869258881e-02
2.700000000000000000e+01 2.700000000000000000e+01 8.398866280913352966e-03 2.230397239327430725e-02
2.800000000000000000e+01 2.800000000000000000e+01 7.853928022086620331e-03 2.167654037475585938e-02
2.900000000000000000e+01 2.900000000000000000e+01 7.586048915982246399e-03 2.132986299693584442e-02
3.000000000000000000e+01 3.000000000000000000e+01 7.553772535175085068e-03 2.122349478304386139e-02
3.100000000000000000e+01 3.100000000000000000e+01 7.643318269401788712e-03 2.123606763780117035e-02
3.200000000000000000e+01 3.200000000000000000e+01 7.822168990969657898e-03 2.133505977690219879e-02
3.300000000000000000e+01 3.300000000000000000e+01 7.975950837135314941e-03 2.141259238123893738e-02
3.400000000000000000e+01 3.400000000000000000e+01 8.020869456231594086e-03 2.138268016278743744e-02
3.500000000000000000e+01 3.500000000000000000e+01 8.002554066479206085e-03 2.128718979656696320e-02
3.600000000000000000e+01 3.600000000000000000e+01 7.809095084667205811e-03 2.101551368832588196e-02
3.700000000000000000e+01 3.700000000000000000e+01 7.499970030039548874e-03 2.063445746898651123e-02
3.800000000000000000e+01 3.800000000000000000e+01 7.117572706192731857e-03 2.018884196877479553e-02
3.900000000000000000e+01 3.900000000000000000e+01 6.703199353069067001e-03 1.971822790801525116e-02
4.000000000000000000e+01 4.000000000000000000e+01 6.275693885982036591e-03 1.923597417771816254e-02
4.100000000000000000e+01 4.100000000000000000e+01 5.872554611414670944e-03 1.878040842711925507e-02
4.200000000000000000e+01 4.200000000000000000e+01 5.526575725525617599e-03 1.838566921651363373e-02
4.300000000000000000e+01 4.300000000000000000e+01 5.254868417978286743e-03 1.806590333580970764e-02
4.400000000000000000e+01 4.400000000000000000e+01 5.053810775279998779e-03 1.781286858022212982e-02
4.500000000000000000e+01 4.500000000000000000e+01 4.908346105366945267e-03 1.761433109641075134e-02
4.600000000000000000e+01 4.600000000000000000e+01 4.818945191800594330e-03 1.747678034007549286e-02
4.700000000000000000e+01 4.700000000000000000e+01 4.773774649947881699e-03 1.738602481782436371e-02
4.800000000000000000e+01 4.800000000000000000e+01 4.753324203193187714e-03 1.732006482779979706e-02
4.900000000000000000e+01 4.900000000000000000e+01 4.742963705211877823e-03 1.726793497800827026e-02
5.000000000000000000e+01 5.000000000000000000e+01 4.724779631942510605e-03 1.721133105456829071e-02
5.100000000000000000e+01 5.100000000000000000e+01 4.703745245933532715e-03 1.714963652193546295e-02
5.200000000000000000e+01 5.200000000000000000e+01 4.670514259487390518e-03 1.707435585558414459e-02
5.300000000000000000e+01 5.300000000000000000e+01 4.619815852493047714e-03 1.698367111384868622e-02
5.400000000000000000e+01 5.400000000000000000e+01 4.552242346107959747e-03 1.687756367027759552e-02
5.500000000000000000e+01 5.500000000000000000e+01 4.472803790122270584e-03 1.676231808960437775e-02
5.600000000000000000e+01 5.600000000000000000e+01 4.389325622469186783e-03 1.664613746106624603e-02
5.700000000000000000e+01 5.700000000000000000e+01 4.301826003938913345e-03 1.652681641280651093e-02
5.800000000000000000e+01 5.800000000000000000e+01 4.216254688799381256e-03 1.640987396240234375e-02
5.900000000000000000e+01 5.900000000000000000e+01 4.135043360292911530e-03 1.629871502518653870e-02
6.000000000000000000e+01 6.000000000000000000e+01 4.066835623234510422e-03 1.620001904666423798e-02
6.100000000000000000e+01 6.100000000000000000e+01 4.008338321000337601e-03 1.611093431711196899e-02
6.200000000000000000e+01 6.200000000000000000e+01 3.960445523262023926e-03 1.603402756154537201e-02
6.300000000000000000e+01 6.300000000000000000e+01 3.926082514226436615e-03 1.596989110112190247e-02
6.400000000000000000e+01 6.400000000000000000e+01 3.899268573150038719e-03 1.591480150818824768e-02
6.500000000000000000e+01 6.500000000000000000e+01 3.878711257129907608e-03 1.586907356977462769e-02
6.600000000000000000e+01 6.600000000000000000e+01 3.861152334138751030e-03 1.582575403153896332e-02
6.700000000000000000e+01 6.700000000000000000e+01 3.844162682071328163e-03 1.578342542052268982e-02
6.800000000000000000e+01 6.800000000000000000e+01 3.827444743365049362e-03 1.574237272143363953e-02
6.900000000000000000e+01 6.900000000000000000e+01 3.806338179856538773e-03 1.569601148366928101e-02
7.000000000000000000e+01 7.000000000000000000e+01 3.782329848036170006e-03 1.564759761095046997e-02
7.100000000000000000e+01 7.100000000000000000e+01 3.754831384867429733e-03 1.559620443731546402e-02
7.200000000000000000e+01 7.200000000000000000e+01 3.725914284586906433e-03 1.554444432258605957e-02
7.300000000000000000e+01 7.300000000000000000e+01 3.696030704304575920e-03 1.549338921904563904e-02
7.400000000000000000e+01 7.400000000000000000e+01 3.666098695248365402e-03 1.544122118502855301e-02
7.500000000000000000e+01 7.500000000000000000e+01 3.638527356088161469e-03 1.539155468344688416e-02
7.600000000000000000e+01 7.600000000000000000e+01 3.613123204559087753e-03 1.534366887062788010e-02
7.700000000000000000e+01 7.700000000000000000e+01 3.591637825593352318e-03 1.529967132955789566e-02
7.800000000000000000e+01 7.800000000000000000e+01 3.575804410502314568e-03 1.526203565299510956e-02
7.900000000000000000e+01 7.900000000000000000e+01 3.570735454559326172e-03 1.523718051612377167e-02
8.000000000000000000e+01 8.000000000000000000e+01 3.591697430238127708e-03 1.523833815008401871e-02
8.100000000000000000e+01 8.100000000000000000e+01 3.683017566800117493e-03 1.531372964382171631e-02
8.200000000000000000e+01 8.200000000000000000e+01 3.975861705839633942e-03 1.559033896774053574e-02
8.300000000000000000e+01 8.300000000000000000e+01 4.680682905018329620e-03 1.629471778869628906e-02
8.400000000000000000e+01 8.400000000000000000e+01 5.940142553299665451e-03 1.755048893392086029e-02
8.500000000000000000e+01 8.500000000000000000e+01 6.014475598931312561e-03 1.762883365154266357e-02
8.600000000000000000e+01 8.600000000000000000e+01 4.508377052843570709e-03 1.608194038271903992e-02
8.700000000000000000e+01 8.700000000000000000e+01 3.808233886957168579e-03 1.537089888006448746e-02
8.800000000000000000e+01 8.800000000000000000e+01 4.575315397232770920e-03 1.615653932094573975e-02
8.900000000000000000e+01 8.900000000000000000e+01 4.231797996908426285e-03 1.577875390648841858e-02
9.000000000000000000e+01 9.000000000000000000e+01 3.797247074544429779e-03 1.532894186675548553e-02
9.100000000000000000e+01 9.100000000000000000e+01 4.126060754060745239e-03 1.566797681152820587e-02
9.200000000000000000e+01 9.200000000000000000e+01 3.841628553345799446e-03 1.534850616008043289e-02
9.300000000000000000e+01 9.300000000000000000e+01 3.769496921449899673e-03 1.526292972266674042e-02
9.400000000000000000e+01 9.400000000000000000e+01 3.815760370343923569e-03 1.531483046710491180e-02
9.500000000000000000e+01 9.500000000000000000e+01 3.655749140307307243e-03 1.512614823877811432e-02
9.600000000000000000e+01 9.600000000000000000e+01 3.675969783216714859e-03 1.512976735830307007e-02
9.700000000000000000e+01 9.700000000000000000e+01 3.600035328418016434e-03 1.505066454410552979e-02
9.800000000000000000e+01 9.800000000000000000e+01 3.587730228900909424e-03 1.501791179180145264e-02
9.900000000000000000e+01 9.900000000000000000e+01 3.537054639309644699e-03 1.494554337114095688e-02
1.000000000000000000e+02 1.000000000000000000e+02 3.513318253681063652e-03 1.491381041705608368e-02
1.010000000000000000e+02 1.010000000000000000e+02 3.507376182824373245e-03 1.489579118788242340e-02
1.020000000000000000e+02 1.020000000000000000e+02 3.439065767452120781e-03 1.480727735906839371e-02
1.030000000000000000e+02 1.030000000000000000e+02 3.444921225309371948e-03 1.480175182223320007e-02
1.040000000000000000e+02 1.040000000000000000e+02 3.423799760639667511e-03 1.476969849318265915e-02
1.050000000000000000e+02 1.050000000000000000e+02 3.372072707861661911e-03 1.469500642269849777e-02
1.060000000000000000e+02 1.060000000000000000e+02 3.365934360772371292e-03 1.467102486640214920e-02
1.070000000000000000e+02 1.070000000000000000e+02 3.368546022102236748e-03 1.466373819857835770e-02
1.080000000000000000e+02 1.080000000000000000e+02 3.299657488241791725e-03 1.457670237869024277e-02
1.090000000000000000e+02 1.090000000000000000e+02 3.317243652418255806e-03 1.457784697413444519e-02
1.100000000000000000e+02 1.100000000000000000e+02 3.310802392661571503e-03 1.455885078758001328e-02
1.110000000000000000e+02 1.110000000000000000e+02 3.243859857320785522e-03 1.447840686887502670e-02
1.120000000000000000e+02 1.120000000000000000e+02 3.284933976829051971e-03 1.450348738580942154e-02
1.130000000000000000e+02 1.130000000000000000e+02 3.246641950681805611e-03 1.445121876895427704e-02
1.140000000000000000e+02 1.140000000000000000e+02 3.213379532098770142e-03 1.440602354705333710e-02
1.150000000000000000e+02 1.150000000000000000e+02 3.242509439587593079e-03 1.441848557442426682e-02
1.160000000000000000e+02 1.160000000000000000e+02 3.198832971975207329e-03 1.436140574514865875e-02
1.170000000000000000e+02 1.170000000000000000e+02 3.187973983585834503e-03 1.433924771845340729e-02
1.180000000000000000e+02 1.180000000000000000e+02 3.195348894223570824e-03 1.433205883949995041e-02
1.190000000000000000e+02 1.190000000000000000e+02 3.165344474837183952e-03 1.428833790123462677e-02
1.200000000000000000e+02 1.200000000000000000e+02 3.158844541758298874e-03 1.427078712731599808e-02
1.210000000000000000e+02 1.210000000000000000e+02 3.155733691528439522e-03 1.425455510616302490e-02
1.230000000000000000e+02 1.230000000000000000e+02 3.129653632640838623e-03 1.420310419052839279e-02
1.240000000000000000e+02 1.240000000000000000e+02 3.124002134427428246e-03 1.418279577046632767e-02
1.250000000000000000e+02 1.250000000000000000e+02 3.108497941866517067e-03 1.415382511913776398e-02
1.260000000000000000e+02 1.260000000000000000e+02 3.102601738646626472e-03 1.413788832724094391e-02
1.270000000000000000e+02 1.270000000000000000e+02 3.096397966146469116e-03 1.411966606974601746e-02
1.280000000000000000e+02 1.280000000000000000e+02 3.083255840465426445e-03 1.409146655350923538e-02
1.300000000000000000e+02 1.300000000000000000e+02 3.077702131122350693e-03 1.406110171228647232e-02
1.310000000000000000e+02 1.310000000000000000e+02 3.073998494073748589e-03 1.405238732695579529e-02
1.320000000000000000e+02 1.320000000000000000e+02 3.089323174208402634e-03 1.405057590454816818e-02
1.330000000000000000e+02 1.330000000000000000e+02 3.142153378576040268e-03 1.410582475364208221e-02
1.340000000000000000e+02 1.340000000000000000e+02 3.274248912930488586e-03 1.421738136559724808e-02
1.360000000000000000e+02 1.360000000000000000e+02 4.131336696445941925e-03 1.509863324463367462e-02
1.370000000000000000e+02 1.370000000000000000e+02 4.576971754431724548e-03 1.560696121305227280e-02
1.380000000000000000e+02 1.380000000000000000e+02 4.077873658388853073e-03 1.507504936307668686e-02
1.390000000000000000e+02 1.390000000000000000e+02 3.403850598260760307e-03 1.440539024770259857e-02
1.410000000000000000e+02 1.410000000000000000e+02 3.584525547921657562e-03 1.458065304905176163e-02
1.420000000000000000e+02 1.420000000000000000e+02 3.471255302429199219e-03 1.446860469877719879e-02
1.430000000000000000e+02 1.430000000000000000e+02 3.238869830965995789e-03 1.423254888504743576e-02
1.450000000000000000e+02 1.450000000000000000e+02 3.347404766827821732e-03 1.430654432624578476e-02
1.460000000000000000e+02 1.460000000000000000e+02 3.160160733386874199e-03 1.411252468824386597e-02
1.470000000000000000e+02 1.470000000000000000e+02 3.268529893830418587e-03 1.421434711664915085e-02
1.490000000000000000e+02 1.490000000000000000e+02 3.107855794951319695e-03 1.402692776173353195e-02
1.500000000000000000e+02 1.500000000000000000e+02 3.209192072972655296e-03 1.412366330623626709e-02
1.520000000000000000e+02 1.520000000000000000e+02 3.079024609178304672e-03 1.395203731954097748e-02
1.530000000000000000e+02 1.530000000000000000e+02 3.113674232736229897e-03 1.398450694978237152e-02
1.540000000000000000e+02 1.540000000000000000e+02 3.060642397031188011e-03 1.391707360744476318e-02
1.560000000000000000e+02 1.560000000000000000e+02 3.028756007552146912e-03 1.386043895035982132e-02
1.570000000000000000e+02 1.570000000000000000e+02 3.027564147487282753e-03 1.384899672120809555e-02
1.590000000000000000e+02 1.590000000000000000e+02 2.987038344144821167e-03 1.378090027719736099e-02
1.600000000000000000e+02 1.600000000000000000e+02 2.988429507240653038e-03 1.377760246396064758e-02
1.620000000000000000e+02 1.620000000000000000e+02 2.965542022138834000e-03 1.372287143021821976e-02
1.630000000000000000e+02 1.630000000000000000e+02 2.957645338028669357e-03 1.371161174029111862e-02
1.650000000000000000e+02 1.650000000000000000e+02 2.937605138868093491e-03 1.366126444190740585e-02
1.660000000000000000e+02 1.660000000000000000e+02 2.926280722022056580e-03 1.364673487842082977e-02
1.680000000000000000e+02 1.680000000000000000e+02 2.905011875554919243e-03 1.359743345528841019e-02
1.690000000000000000e+02 1.690000000000000000e+02 2.894095843657851219e-03 1.358074322342872620e-02
1.710000000000000000e+02 1.710000000000000000e+02 2.885856898501515388e-03 1.354713365435600281e-02
1.730000000000000000e+02 1.730000000000000000e+02 2.866636728867888451e-03 1.351028122007846832e-02
1.740000000000000000e+02 1.740000000000000000e+02 2.861075568944215775e-03 1.349325012415647507e-02
1.760000000000000000e+02 1.760000000000000000e+02 2.847333904355764389e-03 1.346167270094156265e-02
1.770000000000000000e+02 1.770000000000000000e+02 2.841081004589796066e-03 1.344374474138021469e-02
1.790000000000000000e+02 1.790000000000000000e+02 2.831185702234506607e-03 1.341630704700946808e-02
1.810000000000000000e+02 1.810000000000000000e+02 2.817608648911118507e-03 1.338708493858575821e-02
1.820000000000000000e+02 1.820000000000000000e+02 2.816688502207398415e-03 1.337468717247247696e-02
1.840000000000000000e+02 1.840000000000000000e+02 2.811313839629292488e-03 1.335367094725370407e-02
1.860000000000000000e+02 1.860000000000000000e+02 2.824239199981093407e-03 1.334751304239034653e-02
1.880000000000000000e+02 1.880000000000000000e+02 2.933322684839367867e-03 1.343966461718082428e-02
1.890000000000000000e+02 1.890000000000000000e+02 3.118397900834679604e-03 1.362367533147335052e-02
1.910000000000000000e+02 1.910000000000000000e+02 4.328986629843711853e-03 1.483736932277679443e-02
1.930000000000000000e+02 1.930000000000000000e+02 5.764718167483806610e-03 1.630227826535701752e-02
1.950000000000000000e+02 1.950000000000000000e+02 3.915801178663969040e-03 1.444264966994524002e-02
1.960000000000000000e+02 1.960000000000000000e+02 4.109800793230533600e-03 1.464309543371200562e-02
1.980000000000000000e+02 1.980000000000000000e+02 3.275026800110936165e-03 1.380391791462898254e-02
2.000000000000000000e+02 2.000000000000000000e+02 3.464196342974901199e-03 1.399155333638191223e-02
2.020000000000000000e+02 2.020000000000000000e+02 3.413472557440400124e-03 1.393368281424045563e-02
2.040000000000000000e+02 2.040000000000000000e+02 3.164631314575672150e-03 1.365904137492179871e-02
2.060000000000000000e+02 2.060000000000000000e+02 2.932517789304256439e-03 1.341081596910953522e-02
2.080000000000000000e+02 2.080000000000000000e+02 3.079548710957169533e-03 1.354969292879104614e-02
2.100000000000000000e+02 2.100000000000000000e+02 2.982845529913902283e-03 1.342165004462003708e-02
2.110000000000000000e+02 2.110000000000000000e+02 2.872521756216883659e-03 1.330141816288232803e-02
2.130000000000000000e+02 2.130000000000000000e+02 2.927189460024237633e-03 1.333851926028728485e-02
2.150000000000000000e+02 2.150000000000000000e+02 2.894794102758169174e-03 1.328384410589933395e-02
2.170000000000000000e+02 2.170000000000000000e+02 2.839087275788187981e-03 1.320304442197084427e-02
2.190000000000000000e+02 2.190000000000000000e+02 2.755489433184266090e-03 1.310484949499368668e-02
2.210000000000000000e+02 2.210000000000000000e+02 2.784770447760820389e-03 1.311830244958400726e-02
2.240000000000000000e+02 2.240000000000000000e+02 2.729313680902123451e-03 1.303674932569265366e-02
2.260000000000000000e+02 2.260000000000000000e+02 2.745164791122078896e-03 1.304043736308813095e-02
2.280000000000000000e+02 2.280000000000000000e+02 2.713623922318220139e-03 1.298691425472497940e-02
2.300000000000000000e+02 2.300000000000000000e+02 2.696719020605087280e-03 1.295150350779294968e-02
2.320000000000000000e+02 2.320000000000000000e+02 2.687440952286124229e-03 1.292937900871038437e-02
2.340000000000000000e+02 2.340000000000000000e+02 2.674144227057695389e-03 1.290024816989898682e-02
2.360000000000000000e+02 2.360000000000000000e+02 2.665259875357151031e-03 1.287677045911550522e-02
2.380000000000000000e+02 2.380000000000000000e+02 2.656446769833564758e-03 1.285200286656618118e-02
2.410000000000000000e+02 2.410000000000000000e+02 2.638001926243305206e-03 1.281102467328310013e-02
2.430000000000000000e+02 2.430000000000000000e+02 2.638669684529304504e-03 1.279752980917692184e-02
2.450000000000000000e+02 2.450000000000000000e+02 2.646071370691061020e-03 1.279218960553407669e-02
2.470000000000000000e+02 2.470000000000000000e+02 2.706260886043310165e-03 1.284102443605661392e-02
2.500000000000000000e+02 2.500000000000000000e+02 3.467561444267630577e-03 1.361437607556581497e-02
2.520000000000000000e+02 2.520000000000000000e+02 5.128349643200635910e-03 1.534168981015682220e-02
2.540000000000000000e+02 2.540000000000000000e+02 3.675778163596987724e-03 1.392020750790834427e-02
2.570000000000000000e+02 2.570000000000000000e+02 3.520207013934850693e-03 1.381024438887834549e-02
2.590000000000000000e+02 2.590000000000000000e+02 3.236525692045688629e-03 1.351730246096849442e-02
2.620000000000000000e+02 2.620000000000000000e+02 3.050454193726181984e-03 1.329440064728260040e-02
2.640000000000000000e+02 2.640000000000000000e+02 2.958876313641667366e-03 1.318955887109041214e-02
2.660000000000000000e+02 2.660000000000000000e+02 2.850081305950880051e-03 1.304356195032596588e-02
2.690000000000000000e+02 2.690000000000000000e+02 2.787563716992735863e-03 1.294143125414848328e-02
2.710000000000000000e+02 2.710000000000000000e+02 2.752967411652207375e-03 1.288354862481355667e-02
2.740000000000000000e+02 2.740000000000000000e+02 2.700006589293479919e-03 1.280020549893379211e-02
2.760000000000000000e+02 2.760000000000000000e+02 2.655034884810447693e-03 1.273470744490623474e-02
2.790000000000000000e+02 2.790000000000000000e+02 2.631224924698472023e-03 1.268340647220611572e-02
2.820000000000000000e+02 2.820000000000000000e+02 2.602642169222235680e-03 1.262788102030754089e-02
2.840000000000000000e+02 2.840000000000000000e+02 2.588973147794604301e-03 1.258978061378002167e-02
2.870000000000000000e+02 2.870000000000000000e+02 2.566985320299863815e-03 1.254252996295690536e-02
2.900000000000000000e+02 2.900000000000000000e+02 2.546612173318862915e-03 1.249892450869083405e-02
2.920000000000000000e+02 2.920000000000000000e+02 2.533240476623177528e-03 1.246941182762384415e-02
2.950000000000000000e+02 2.950000000000000000e+02 2.518305089324712753e-03 1.243335008621215820e-02
2.980000000000000000e+02 2.980000000000000000e+02 2.509993035346269608e-03 1.240388490259647369e-02
3.000000000000000000e+02 3.000000000000000000e+02 2.513075247406959534e-03 1.239373814314603806e-02
3.030000000000000000e+02 3.030000000000000000e+02 2.643796848133206367e-03 1.251222286373376846e-02
3.060000000000000000e+02 3.060000000000000000e+02 4.541501868516206741e-03 1.442312449216842651e-02
3.090000000000000000e+02 3.090000000000000000e+02 5.550877656787633896e-03 1.557795330882072449e-02
3.120000000000000000e+02 3.120000000000000000e+02 4.091436509042978287e-03 1.418461743742227554e-02
3.150000000000000000e+02 3.150000000000000000e+02 3.405943047255277634e-03 1.350447908043861389e-02
3.180000000000000000e+02 3.180000000000000000e+02 3.124425420537590981e-03 1.320434827357530594e-02
3.200000000000000000e+02 3.200000000000000000e+02 2.961773425340652466e-03 1.302934251725673676e-02
3.230000000000000000e+02 3.230000000000000000e+02 2.909977454692125320e-03 1.295014563947916031e-02
3.260000000000000000e+02 3.260000000000000000e+02 2.879357431083917618e-03 1.289085857570171356e-02
3.290000000000000000e+02 3.290000000000000000e+02 2.711964538320899010e-03 1.268480625003576279e-02
3.330000000000000000e+02 3.330000000000000000e+02 2.644212218001484871e-03 1.256536506116390228e-02
3.360000000000000000e+02 3.360000000000000000e+02 2.566780429333448410e-03 1.245440728962421417e-02
3.390000000000000000e+02 3.390000000000000000e+02 2.537997206673026085e-03 1.239369902759790421e-02
3.420000000000000000e+02 3.420000000000000000e+02 2.520664362236857414e-03 1.234282739460468292e-02
3.450000000000000000e+02 3.450000000000000000e+02 2.488871337845921516e-03 1.228640228509902954e-02
3.480000000000000000e+02 3.480000000000000000e+02 2.464793855324387550e-03 1.223757769912481308e-02
3.510000000000000000e+02 3.510000000000000000e+02 2.452145796269178391e-03 1.219963654875755310e-02
3.550000000000000000e+02 3.550000000000000000e+02 2.428736304864287376e-03 1.214695721864700317e-02
3.580000000000000000e+02 3.580000000000000000e+02 2.417099894955754280e-03 1.211377885192632675e-02
3.610000000000000000e+02 3.610000000000000000e+02 2.405020408332347870e-03 1.208141539245843887e-02
3.650000000000000000e+02 3.650000000000000000e+02 2.391465473920106888e-03 1.203868910670280457e-02
3.680000000000000000e+02 3.680000000000000000e+02 2.383251208811998367e-03 1.201458275318145752e-02
3.710000000000000000e+02 3.710000000000000000e+02 2.379567129537463188e-03 1.199200376868247986e-02
3.750000000000000000e+02 3.750000000000000000e+02 2.457745606079697609e-03 1.204972341656684875e-02
3.780000000000000000e+02 3.780000000000000000e+02 3.114307066425681114e-03 1.274918578565120697e-02
3.820000000000000000e+02 3.820000000000000000e+02 2.712950110435485840e-03 1.232459768652915955e-02
3.850000000000000000e+02 3.850000000000000000e+02 2.561957342550158501e-03 1.216811127960681915e-02
3.890000000000000000e+02 3.890000000000000000e+02 2.557226456701755524e-03 1.214336417615413666e-02
3.930000000000000000e+02 3.930000000000000000e+02 2.495345892384648323e-03 1.206243690103292465e-02
3.960000000000000000e+02 3.960000000000000000e+02 2.455417532473802567e-03 1.199776679277420044e-02
4.000000000000000000e+02 4.000000000000000000e+02 2.403445774689316750e-03 1.192093268036842346e-02
4.040000000000000000e+02 4.040000000000000000e+02 2.371614100411534309e-03 1.186720654368400574e-02
4.070000000000000000e+02 4.070000000000000000e+02 2.366526052355766296e-03 1.184382196515798569e-02
4.110000000000000000e+02 4.110000000000000000e+02 2.459719311445951462e-03 1.192673482000827789e-02
4.150000000000000000e+02 4.150000000000000000e+02 2.657220000401139259e-03 1.217317953705787659e-02
4.190000000000000000e+02 4.190000000000000000e+02 2.499604132026433945e-03 1.203085668385028839e-02
4.230000000000000000e+02 4.230000000000000000e+02 2.570586279034614563e-03 1.207789778709411621e-02
4.270000000000000000e+02 4.270000000000000000e+02 2.504949225112795830e-03 1.198450941592454910e-02
4.310000000000000000e+02 4.310000000000000000e+02 2.398778451606631279e-03 1.184621080756187439e-02
4.350000000000000000e+02 4.350000000000000000e+02 2.339256927371025085e-03 1.174744497984647751e-02
4.390000000000000000e+02 4.390000000000000000e+02 2.335238270461559296e-03 1.171789597719907761e-02
4.430000000000000000e+02 4.430000000000000000e+02 2.564646070823073387e-03 1.193533837795257568e-02
4.470000000000000000e+02 4.470000000000000000e+02 2.894226461648941040e-03 1.226459443569183350e-02
4.510000000000000000e+02 4.510000000000000000e+02 2.612242242321372032e-03 1.201100647449493408e-02
4.550000000000000000e+02 4.550000000000000000e+02 2.630716189742088318e-03 1.200298499315977097e-02
4.590000000000000000e+02 4.590000000000000000e+02 2.770144958049058914e-03 1.213652919977903366e-02
4.640000000000000000e+02 4.640000000000000000e+02 2.433136338368058205e-03 1.176180969923734665e-02
4.680000000000000000e+02 4.680000000000000000e+02 2.401273231953382492e-03 1.170586887747049332e-02
4.720000000000000000e+02 4.720000000000000000e+02 2.352199750021100044e-03 1.164547260850667953e-02
4.770000000000000000e+02 4.770000000000000000e+02 2.305512782186269760e-03 1.156976353377103806e-02
4.810000000000000000e+02 4.810000000000000000e+02 2.256657462567090988e-03 1.149349752813577652e-02
4.860000000000000000e+02 4.860000000000000000e+02 2.363076666370034218e-03 1.159792952239513397e-02
4.900000000000000000e+02 4.900000000000000000e+02 3.214326221495866776e-03 1.249309629201889038e-02
4.950000000000000000e+02 4.950000000000000000e+02 3.344586119055747986e-03 1.264513749629259109e-02
4.990000000000000000e+02 4.990000000000000000e+02 2.795354230329394341e-03 1.208578143268823624e-02
5.040000000000000000e+02 5.040000000000000000e+02 2.566760173067450523e-03 1.182375848293304443e-02
5.080000000000000000e+02 5.080000000000000000e+02 2.385679399594664574e-03 1.162199582904577255e-02
5.130000000000000000e+02 5.130000000000000000e+02 2.295066136866807938e-03 1.149359252303838730e-02
5.180000000000000000e+02 5.180000000000000000e+02 2.253205981105566025e-03 1.142964325845241547e-02
5.230000000000000000e+02 5.230000000000000000e+02 2.204905962571501732e-03 1.135420426726341248e-02
5.280000000000000000e+02 5.280000000000000000e+02 2.190903993323445320e-03 1.131237950176000595e-02
5.320000000000000000e+02 5.320000000000000000e+02 2.227477962151169777e-03 1.133701857179403305e-02
5.370000000000000000e+02 5.370000000000000000e+02 3.191202646121382713e-03 1.231365371495485306e-02
5.420000000000000000e+02 5.420000000000000000e+02 3.239545971155166626e-03 1.244999747723340988e-02
5.470000000000000000e+02 5.470000000000000000e+02 2.826932584866881371e-03 1.202474068850278854e-02
5.520000000000000000e+02 5.520000000000000000e+02 2.506445161998271942e-03 1.167645212262868881e-02
5.580000000000000000e+02 5.580000000000000000e+02 2.362938830628991127e-03 1.149310916662216187e-02
5.630000000000000000e+02 5.630000000000000000e+02 2.251882338896393776e-03 1.135060656815767288e-02
5.680000000000000000e+02 5.680000000000000000e+02 2.219416899606585503e-03 1.128374598920345306e-02
5.730000000000000000e+02 5.730000000000000000e+02 2.177078509703278542e-03 1.120771281421184540e-02
5.790000000000000000e+02 5.790000000000000000e+02 2.140939468517899513e-03 1.114059425890445709e-02
5.840000000000000000e+02 5.840000000000000000e+02 2.119715325534343719e-03 1.109829451888799667e-02
5.890000000000000000e+02 5.890000000000000000e+02 2.112102694809436798e-03 1.107208989560604095e-02
5.950000000000000000e+02 5.950000000000000000e+02 3.059534821659326553e-03 1.208167988806962967e-02
6.000000000000000000e+02 6.000000000000000000e+02 3.337559988722205162e-03 1.245717331767082214e-02
6.060000000000000000e+02 6.060000000000000000e+02 2.712363144382834435e-03 1.183515507727861404e-02
6.120000000000000000e+02 6.120000000000000000e+02 2.411942929029464722e-03 1.149087399244308472e-02
6.170000000000000000e+02 6.170000000000000000e+02 2.310207579284906387e-03 1.132588274776935577e-02
6.230000000000000000e+02 6.230000000000000000e+02 2.206590259447693825e-03 1.118072494864463806e-02
6.290000000000000000e+02 6.290000000000000000e+02 2.152493223547935486e-03 1.108175516128540039e-02
6.340000000000000000e+02 6.340000000000000000e+02 2.124568447470664978e-03 1.102695055305957794e-02
6.400000000000000000e+02 6.400000000000000000e+02 2.124555176123976707e-03 1.100524794310331345e-02
6.460000000000000000e+02 6.460000000000000000e+02 2.803772920742630959e-03 1.173066534101963043e-02
6.520000000000000000e+02 6.520000000000000000e+02 2.387305255979299545e-03 1.130487397313117981e-02
6.580000000000000000e+02 6.580000000000000000e+02 2.195885870605707169e-03 1.108985114842653275e-02
6.640000000000000000e+02 6.640000000000000000e+02 2.167683094739913940e-03 1.102204434573650360e-02
6.710000000000000000e+02 6.710000000000000000e+02 2.103673527017235756e-03 1.092271320521831512e-02
6.770000000000000000e+02 6.770000000000000000e+02 2.098694909363985062e-03 1.090184599161148071e-02
6.830000000000000000e+02 6.830000000000000000e+02 3.209660761058330536e-03 1.203131303191184998e-02
6.890000000000000000e+02 6.890000000000000000e+02 2.694981172680854797e-03 1.157516892999410629e-02
6.960000000000000000e+02 6.960000000000000000e+02 2.239888068288564682e-03 1.106804516166448593e-02
7.020000000000000000e+02 7.020000000000000000e+02 2.170629566535353661e-03 1.097416505217552185e-02
7.090000000000000000e+02 7.090000000000000000e+02 2.087124856188893318e-03 1.085501629859209061e-02
7.150000000000000000e+02 7.150000000000000000e+02 2.039429731667041779e-03 1.078233681619167328e-02
7.220000000000000000e+02 7.220000000000000000e+02 2.758075715973973274e-03 1.153743173927068710e-02
7.290000000000000000e+02 7.290000000000000000e+02 2.502475166693329811e-03 1.130683347582817078e-02
7.350000000000000000e+02 7.350000000000000000e+02 2.231789520010352135e-03 1.099928840994834900e-02
7.420000000000000000e+02 7.420000000000000000e+02 2.115237992256879807e-03 1.083729322999715805e-02
7.490000000000000000e+02 7.490000000000000000e+02 2.044221619144082069e-03 1.072974037379026413e-02
7.560000000000000000e+02 7.560000000000000000e+02 2.022928791120648384e-03 1.068722456693649292e-02
7.630000000000000000e+02 7.630000000000000000e+02 3.044616198167204857e-03 1.176878344267606735e-02
7.700000000000000000e+02 7.700000000000000000e+02 2.376567339524626732e-03 1.106741838157176971e-02
7.770000000000000000e+02 7.770000000000000000e+02 2.192521700635552406e-03 1.084315683692693710e-02
7.840000000000000000e+02 7.840000000000000000e+02 2.085343934595584869e-03 1.071030180901288986e-02
7.920000000000000000e+02 7.920000000000000000e+02 2.127117244526743889e-03 1.076857652515172958e-02
7.990000000000000000e+02 7.990000000000000000e+02 2.054938580840826035e-03 1.065538916736841202e-02
8.070000000000000000e+02 8.070000000000000000e+02 1.996075501665472984e-03 1.058859750628471375e-02
8.140000000000000000e+02 8.140000000000000000e+02 2.073301700875163078e-03 1.065250579267740250e-02
8.220000000000000000e+02 8.220000000000000000e+02 2.896245801821351051e-03 1.157888397574424744e-02
8.290000000000000000e+02 8.290000000000000000e+02 2.250548917800188065e-03 1.087823044508695602e-02
8.370000000000000000e+02 8.370000000000000000e+02 2.074049552902579308e-03 1.066184975206851959e-02
8.450000000000000000e+02 8.450000000000000000e+02 1.977701904252171516e-03 1.053427532315254211e-02
8.520000000000000000e+02 8.520000000000000000e+02 1.946068834513425827e-03 1.047949492931365967e-02
8.600000000000000000e+02 8.600000000000000000e+02 1.926477765664458275e-03 1.045180205255746841e-02
8.680000000000000000e+02 8.680000000000000000e+02 3.937085624784231186e-03 1.255326159298419952e-02
8.760000000000000000e+02 8.760000000000000000e+02 2.557481173425912857e-03 1.120127830654382706e-02
8.840000000000000000e+02 8.840000000000000000e+02 2.122160512953996658e-03 1.070789061486721039e-02
8.930000000000000000e+02 8.930000000000000000e+02 2.009643241763114929e-03 1.052764523774385452e-02
9.010000000000000000e+02 9.010000000000000000e+02 1.945385010913014412e-03 1.044440548866987228e-02
9.090000000000000000e+02 9.090000000000000000e+02 1.899365917779505253e-03 1.036717090755701065e-02
9.180000000000000000e+02 9.180000000000000000e+02 1.878869486972689629e-03 1.031992398202419281e-02
9.260000000000000000e+02 9.260000000000000000e+02 2.181805204600095749e-03 1.060972828418016434e-02
9.350000000000000000e+02 9.350000000000000000e+02 2.937886398285627365e-03 1.151364669203758240e-02
9.430000000000000000e+02 9.430000000000000000e+02 2.455012872815132141e-03 1.100320927798748016e-02
9.520000000000000000e+02 9.520000000000000000e+02 2.049294998869299889e-03 1.050862204283475876e-02
9.610000000000000000e+02 9.610000000000000000e+02 1.949970959685742855e-03 1.036398112773895264e-02
9.700000000000000000e+02 9.700000000000000000e+02 1.891072839498519897e-03 1.027653831988573074e-02
9.790000000000000000e+02 9.790000000000000000e+02 1.863937475718557835e-03 1.024654321372509003e-02
9.880000000000000000e+02 9.880000000000000000e+02 2.287427661940455437e-03 1.072382368147373199e-02
9.970000000000000000e+02 9.970000000000000000e+02 2.048717811703681946e-03 1.043743547052145004e-02
1.006000000000000000e+03 1.006000000000000000e+03 1.911729224957525730e-03 1.028284057974815369e-02
1.016000000000000000e+03 1.016000000000000000e+03 1.849895110353827477e-03 1.019273698329925537e-02
1.025000000000000000e+03 1.025000000000000000e+03 1.865755766630172729e-03 1.019204035401344299e-02
1.035000000000000000e+03 1.035000000000000000e+03 2.531804144382476807e-03 1.099709141999483109e-02
1.044000000000000000e+03 1.044000000000000000e+03 2.015524078160524368e-03 1.040183380246162415e-02
1.054000000000000000e+03 1.054000000000000000e+03 1.912928302772343159e-03 1.026321295648813248e-02
1.064000000000000000e+03 1.064000000000000000e+03 1.894137938506901264e-03 1.024422235786914825e-02
1.073000000000000000e+03 1.073000000000000000e+03 2.486361656337976456e-03 1.080295536667108536e-02
1.083000000000000000e+03 1.083000000000000000e+03 1.956705469638109207e-03 1.025499030947685242e-02
1.093000000000000000e+03 1.093000000000000000e+03 1.890635816380381584e-03 1.016811933368444443e-02
1.104000000000000000e+03 1.104000000000000000e+03 1.819746568799018860e-03 1.009927317500114441e-02
1.114000000000000000e+03 1.114000000000000000e+03 2.125054132193326950e-03 1.042220182716846466e-02
1.124000000000000000e+03 1.124000000000000000e+03 2.201956463977694511e-03 1.062680315226316452e-02
1.135000000000000000e+03 1.135000000000000000e+03 1.939014531672000885e-03 1.025483384728431702e-02
1.145000000000000000e+03 1.145000000000000000e+03 1.820499077439308167e-03 1.011366676539182663e-02
1.156000000000000000e+03 1.156000000000000000e+03 1.791051938198506832e-03 1.005616784095764160e-02
1.166000000000000000e+03 1.166000000000000000e+03 2.575511112809181213e-03 1.086981873959302902e-02
1.177000000000000000e+03 1.177000000000000000e+03 2.056847326457500458e-03 1.030420139431953430e-02
1.188000000000000000e+03 1.188000000000000000e+03 1.834112219512462616e-03 1.004378497600555420e-02
1.199000000000000000e+03 1.199000000000000000e+03 1.979501452296972275e-03 1.021024957299232483e-02
1.210000000000000000e+03 1.210000000000000000e+03 2.091499278321862221e-03 1.031362451612949371e-02
1.221000000000000000e+03 1.221000000000000000e+03 1.830641180276870728e-03 1.004164852201938629e-02
1.233000000000000000e+03 1.233000000000000000e+03 1.852468121796846390e-03 1.007369067519903183e-02
1.244000000000000000e+03 1.244000000000000000e+03 2.280704677104949951e-03 1.051612384617328644e-02
1.256000000000000000e+03 1.256000000000000000e+03 1.869214465841650963e-03 1.005210448056459427e-02
1.267000000000000000e+03 1.267000000000000000e+03 1.771517796441912651e-03 9.941931813955307007e-03
1.279000000000000000e+03 1.279000000000000000e+03 1.932215294800698757e-03 1.009805314242839813e-02
1.291000000000000000e+03 1.291000000000000000e+03 2.020923653617501259e-03 1.017535105347633362e-02
1.303000000000000000e+03 1.303000000000000000e+03 1.799166086129844189e-03 9.957494214177131653e-03
1.315000000000000000e+03 1.315000000000000000e+03 1.745638321153819561e-03 9.894806891679763794e-03
1.327000000000000000e+03 1.327000000000000000e+03 2.261752262711524963e-03 1.050835661590099335e-02
1.339000000000000000e+03 1.339000000000000000e+03 1.852452289313077927e-03 1.000011060386896133e-02
1.352000000000000000e+03 1.352000000000000000e+03 1.743736793287098408e-03 9.875859133899211884e-03
1.364000000000000000e+03 1.364000000000000000e+03 3.434704383835196495e-03 1.165540050715208054e-02
1.377000000000000000e+03 1.377000000000000000e+03 1.971278339624404907e-03 1.006180141121149063e-02
1.390000000000000000e+03 1.390000000000000000e+03 1.733900979161262512e-03 9.816023521125316620e-03
1.403000000000000000e+03 1.403000000000000000e+03 2.193243242800235748e-03 1.033088285475969315e-02
1.416000000000000000e+03 1.416000000000000000e+03 1.821225043386220932e-03 9.933437220752239227e-03
1.429000000000000000e+03 1.429000000000000000e+03 1.741689862683415413e-03 9.830490685999393463e-03
1.442000000000000000e+03 1.442000000000000000e+03 2.099181292578577995e-03 1.021395996212959290e-02
1.455000000000000000e+03 1.455000000000000000e+03 1.788073917850852013e-03 9.895009920001029968e-03
1.469000000000000000e+03 1.469000000000000000e+03 1.710612676106393337e-03 9.791636839509010315e-03
1.482000000000000000e+03 1.482000000000000000e+03 2.698246855288743973e-03 1.082203630357980728e-02
1.496000000000000000e+03 1.496000000000000000e+03 1.867044600658118725e-03 9.960190393030643463e-03
1.510000000000000000e+03 1.510000000000000000e+03 1.716489088721573353e-03 9.767333045601844788e-03
1.524000000000000000e+03 1.524000000000000000e+03 1.890688086859881878e-03 9.954180568456649780e-03
1.538000000000000000e+03 1.538000000000000000e+03 1.825768733397126198e-03 9.884184226393699646e-03
1.552000000000000000e+03 1.552000000000000000e+03 1.754276454448699951e-03 9.779731743037700653e-03
1.567000000000000000e+03 1.567000000000000000e+03 2.023658948019146919e-03 1.005275826901197433e-02
1.581000000000000000e+03 1.581000000000000000e+03 1.744479406625032425e-03 9.760010987520217896e-03
1.596000000000000000e+03 1.596000000000000000e+03 1.743125612847507000e-03 9.776002727448940277e-03
1.611000000000000000e+03 1.611000000000000000e+03 1.696920488029718399e-03 9.712392464280128479e-03
1.626000000000000000e+03 1.626000000000000000e+03 2.002535620704293251e-03 1.006576884537935257e-02
1.641000000000000000e+03 1.641000000000000000e+03 1.900675240904092789e-03 9.926910512149333954e-03
1.656000000000000000e+03 1.656000000000000000e+03 1.760868588462471962e-03 9.767466224730014801e-03
1.671000000000000000e+03 1.671000000000000000e+03 1.689799944870173931e-03 9.686816483736038208e-03
1.687000000000000000e+03 1.687000000000000000e+03 1.776932389475405216e-03 9.794591926038265228e-03
1.702000000000000000e+03 1.702000000000000000e+03 2.671673893928527832e-03 1.077066920697689056e-02
1.718000000000000000e+03 1.718000000000000000e+03 1.757920486852526665e-03 9.749504737555980682e-03
1.734000000000000000e+03 1.734000000000000000e+03 1.670309109613299370e-03 9.627340361475944519e-03
1.750000000000000000e+03 1.750000000000000000e+03 1.872833236120641232e-03 9.874983690679073334e-03
1.766000000000000000e+03 1.766000000000000000e+03 1.778477104380726814e-03 9.763541631400585175e-03
1.783000000000000000e+03 1.783000000000000000e+03 1.712672179564833641e-03 9.653854183852672577e-03
1.799000000000000000e+03 1.799000000000000000e+03 2.018278697505593300e-03 9.985140524804592133e-03
1.816000000000000000e+03 1.816000000000000000e+03 1.665580668486654758e-03 9.606548584997653961e-03
1.833000000000000000e+03 1.833000000000000000e+03 1.950655365362763405e-03 9.898481890559196472e-03
1.850000000000000000e+03 1.850000000000000000e+03 1.769337337464094162e-03 9.715961292386054993e-03
1.867000000000000000e+03 1.867000000000000000e+03 1.635808497667312622e-03 9.567173197865486145e-03
1.884000000000000000e+03 1.884000000000000000e+03 2.190170809626579285e-03 1.012443471699953079e-02
1.902000000000000000e+03 1.902000000000000000e+03 1.656085602007806301e-03 9.569406509399414062e-03
1.919000000000000000e+03 1.919000000000000000e+03 1.785450614988803864e-03 9.741175919771194458e-03
1.937000000000000000e+03 1.937000000000000000e+03 1.794968149624764919e-03 9.726369753479957581e-03
1.955000000000000000e+03 1.955000000000000000e+03 1.644548028707504272e-03 9.560932405292987823e-03
1.973000000000000000e+03 1.973000000000000000e+03 2.185269724577665329e-03 1.020113192498683929e-02
1.991000000000000000e+03 1.991000000000000000e+03 1.675653853453695774e-03 9.577838703989982605e-03
2.010000000000000000e+03 2.010000000000000000e+03 1.815436873584985733e-03 9.694904088973999023e-03
2.028000000000000000e+03 2.028000000000000000e+03 1.637656590901315212e-03 9.541884064674377441e-03
2.047000000000000000e+03 2.047000000000000000e+03 2.061331877484917641e-03 9.988599456846714020e-03
2.066000000000000000e+03 2.066000000000000000e+03 1.644222880713641644e-03 9.529995732009410858e-03
2.085000000000000000e+03 2.085000000000000000e+03 2.174858702346682549e-03 1.008087489753961563e-02
2.105000000000000000e+03 2.105000000000000000e+03 1.658881898038089275e-03 9.547042660415172577e-03
2.124000000000000000e+03 2.124000000000000000e+03 2.416007453575730324e-03 1.029882114380598068e-02
2.144000000000000000e+03 2.144000000000000000e+03 1.665411982685327530e-03 9.515413083136081696e-03
2.164000000000000000e+03 2.164000000000000000e+03 2.491070656105875969e-03 1.043820846825838089e-02
2.184000000000000000e+03 2.184000000000000000e+03 1.693195546977221966e-03 9.575679898262023926e-03
2.204000000000000000e+03 2.204000000000000000e+03 1.590033294633030891e-03 9.460666216909885406e-03
2.224000000000000000e+03 2.224000000000000000e+03 1.847654813900589943e-03 9.721577167510986328e-03
2.245000000000000000e+03 2.245000000000000000e+03 1.706648850813508034e-03 9.548888541758060455e-03
2.266000000000000000e+03 2.266000000000000000e+03 1.917703077197074890e-03 9.774891659617424011e-03
2.287000000000000000e+03 2.287000000000000000e+03 1.704456168226897717e-03 9.572360664606094360e-03
2.308000000000000000e+03 2.308000000000000000e+03 1.678214641287922859e-03 9.526115842163562775e-03
2.329000000000000000e+03 2.329000000000000000e+03 1.687472569756209850e-03 9.542963467538356781e-03
2.351000000000000000e+03 2.351000000000000000e+03 1.687356503680348396e-03 9.535861201584339142e-03
2.373000000000000000e+03 2.373000000000000000e+03 1.882408279925584793e-03 9.743881411850452423e-03
2.395000000000000000e+03 2.395000000000000000e+03 1.586585771292448044e-03 9.422251023352146149e-03
2.417000000000000000e+03 2.417000000000000000e+03 1.694603823125362396e-03 9.578397497534751892e-03
2.439000000000000000e+03 2.439000000000000000e+03 1.840609358623623848e-03 9.707590565085411072e-03
2.462000000000000000e+03 2.462000000000000000e+03 1.648090663366019726e-03 9.489968419075012207e-03
2.485000000000000000e+03 2.485000000000000000e+03 2.267298288643360138e-03 1.013041473925113678e-02
2.508000000000000000e+03 2.508000000000000000e+03 1.615628600120544434e-03 9.423121809959411621e-03
2.531000000000000000e+03 2.531000000000000000e+03 1.757145859301090240e-03 9.608759544789791107e-03
2.554000000000000000e+03 2.554000000000000000e+03 1.643513794988393784e-03 9.444453753530979156e-03
2.578000000000000000e+03 2.578000000000000000e+03 1.676088315434753895e-03 9.534345939755439758e-03
2.602000000000000000e+03 2.602000000000000000e+03 1.901119598187506199e-03 9.714658372104167938e-03
2.626000000000000000e+03 2.626000000000000000e+03 1.592644024640321732e-03 9.396533481776714325e-03
2.650000000000000000e+03 2.650000000000000000e+03 1.843064324930310249e-03 9.683723561465740204e-03
2.675000000000000000e+03 2.675000000000000000e+03 1.625960343517363071e-03 9.404213167726993561e-03
2.700000000000000000e+03 2.700000000000000000e+03 1.794031122699379921e-03 9.639653377234935760e-03
2.725000000000000000e+03 2.725000000000000000e+03 1.667269272729754448e-03 9.469127282500267029e-03
2.750000000000000000e+03 2.750000000000000000e+03 1.571458182297646999e-03 9.365231730043888092e-03
2.775000000000000000e+03 2.775000000000000000e+03 1.850564382039010525e-03 9.692423045635223389e-03
2.801000000000000000e+03 2.801000000000000000e+03 1.789769623428583145e-03 9.616315364837646484e-03
2.827000000000000000e+03 2.827000000000000000e+03 1.742367399856448174e-03 9.588034823536872864e-03
2.853000000000000000e+03 2.853000000000000000e+03 1.929148565977811813e-03 9.756019338965415955e-03
2.880000000000000000e+03 2.880000000000000000e+03 1.539962016977369785e-03 9.329019114375114441e-03
2.906000000000000000e+03 2.906000000000000000e+03 1.689871656708419323e-03 9.456474334001541138e-03
2.933000000000000000e+03 2.933000000000000000e+03 1.997116720303893089e-03 9.810308925807476044e-03
2.960000000000000000e+03 2.960000000000000000e+03 1.637532724998891354e-03 9.472608566284179688e-03
2.988000000000000000e+03 2.988000000000000000e+03 1.576146343722939491e-03 9.384127333760261536e-03
3.016000000000000000e+03 3.016000000000000000e+03 1.581840100698173046e-03 9.374493733048439026e-03
3.044000000000000000e+03 3.044000000000000000e+03 1.911986502818763256e-03 9.740778245031833649e-03
3.072000000000000000e+03 3.072000000000000000e+03 1.527899177744984627e-03 9.303628467023372650e-03
3.100000000000000000e+03 3.100000000000000000e+03 1.622918061912059784e-03 9.408485144376754761e-03
3.129000000000000000e+03 3.129000000000000000e+03 1.965039409697055817e-03 9.848738089203834534e-03
3.158000000000000000e+03 3.158000000000000000e+03 1.767549780197441578e-03 9.534244425594806671e-03
3.187000000000000000e+03 3.187000000000000000e+03 1.647608703933656216e-03 9.457449428737163544e-03
3.217000000000000000e+03 3.217000000000000000e+03 1.768932561390101910e-03 9.562690742313861847e-03
3.246000000000000000e+03 3.246000000000000000e+03 1.791554270312190056e-03 9.637796320021152496e-03
3.277000000000000000e+03 3.277000000000000000e+03 1.504952204413712025e-03 9.282086975872516632e-03
3.307000000000000000e+03 3.307000000000000000e+03 1.577923656441271305e-03 9.331163018941879272e-03
3.337000000000000000e+03 3.337000000000000000e+03 1.798937330022454262e-03 9.591522626578807831e-03
3.368000000000000000e+03 3.368000000000000000e+03 1.826915424317121506e-03 9.594812989234924316e-03
3.400000000000000000e+03 3.400000000000000000e+03 1.648920006118714809e-03 9.432224556803703308e-03
3.431000000000000000e+03 3.431000000000000000e+03 1.530460780486464500e-03 9.299252182245254517e-03
3.463000000000000000e+03 3.463000000000000000e+03 1.658506225794553757e-03 9.416262619197368622e-03
3.495000000000000000e+03 3.495000000000000000e+03 1.631903112865984440e-03 9.429793804883956909e-03
3.527000000000000000e+03 3.527000000000000000e+03 1.750383758917450905e-03 9.520195424556732178e-03
3.560000000000000000e+03 3.560000000000000000e+03 2.077971585094928741e-03 9.947287850081920624e-03
3.593000000000000000e+03 3.593000000000000000e+03 1.614008331671357155e-03 9.402857162058353424e-03
3.626000000000000000e+03 3.626000000000000000e+03 1.480397186242043972e-03 9.256526827812194824e-03
3.660000000000000000e+03 3.660000000000000000e+03 1.619745162315666676e-03 9.406019933521747589e-03
3.694000000000000000e+03 3.694000000000000000e+03 2.296237507835030556e-03 1.015220303088426590e-02
3.728000000000000000e+03 3.728000000000000000e+03 1.479587517678737640e-03 9.211273863911628723e-03
3.763000000000000000e+03 3.763000000000000000e+03 1.537624164484441280e-03 9.337818250060081482e-03
3.797000000000000000e+03 3.797000000000000000e+03 1.552069210447371006e-03 9.306566789746284485e-03
3.833000000000000000e+03 3.833000000000000000e+03 1.553943846374750137e-03 9.291069582104682922e-03
3.868000000000000000e+03 3.868000000000000000e+03 1.799990306608378887e-03 9.680331684648990631e-03
3.904000000000000000e+03 3.904000000000000000e+03 1.713541685603559017e-03 9.532636962831020355e-03
3.940000000000000000e+03 3.940000000000000000e+03 1.964010298252105713e-03 9.803661145269870758e-03
3.977000000000000000e+03 3.977000000000000000e+03 2.069513546302914619e-03 9.939148090779781342e-03
4.013000000000000000e+03 4.013000000000000000e+03 1.464448054321110249e-03 9.262624196708202362e-03
4.051000000000000000e+03 4.051000000000000000e+03 1.458753249607980251e-03 9.217034094035625458e-03
4.088000000000000000e+03 4.088000000000000000e+03 1.470326445996761322e-03 9.233019314706325531e-03
4.126000000000000000e+03 4.126000000000000000e+03 1.452956581488251686e-03 9.228170849382877350e-03
4.164000000000000000e+03 4.164000000000000000e+03 1.791691291145980358e-03 9.587842039763927460e-03
4.203000000000000000e+03 4.203000000000000000e+03 1.533515984192490578e-03 9.339429438114166260e-03
4.242000000000000000e+03 4.242000000000000000e+03 1.505549997091293335e-03 9.305720217525959015e-03
4.281000000000000000e+03 4.281000000000000000e+03 1.532482099719345570e-03 9.274623356759548187e-03
4.321000000000000000e+03 4.321000000000000000e+03 1.633635722100734711e-03 9.422227740287780762e-03
4.361000000000000000e+03 4.361000000000000000e+03 1.690561999566853046e-03 9.471628814935684204e-03
4.401000000000000000e+03 4.401000000000000000e+03 1.539851306006312370e-03 9.309618733823299408e-03
4.442000000000000000e+03 4.442000000000000000e+03 1.498502329923212528e-03 9.287629276514053345e-03
4.483000000000000000e+03 4.483000000000000000e+03 1.483736908994615078e-03 9.270716458559036255e-03
4.524000000000000000e+03 4.524000000000000000e+03 1.510181813500821590e-03 9.289828129112720490e-03
4.566000000000000000e+03 4.566000000000000000e+03 1.480512670241296291e-03 9.243969805538654327e-03
4.609000000000000000e+03 4.609000000000000000e+03 1.475480850785970688e-03 9.263440035283565521e-03
4.651000000000000000e+03 4.651000000000000000e+03 1.453661476261913776e-03 9.222587570548057556e-03
4.694000000000000000e+03 4.694000000000000000e+03 1.490827882662415504e-03 9.302783757448196411e-03
4.738000000000000000e+03 4.738000000000000000e+03 1.439478830434381962e-03 9.226145222783088684e-03
4.782000000000000000e+03 4.782000000000000000e+03 1.551303896121680737e-03 9.330080822110176086e-03
4.826000000000000000e+03 4.826000000000000000e+03 1.644199015572667122e-03 9.453532285988330841e-03
4.871000000000000000e+03 4.871000000000000000e+03 1.548356376588344574e-03 9.325915016233921051e-03
4.916000000000000000e+03 4.916000000000000000e+03 1.533956150524318218e-03 9.373212233185768127e-03
4.961000000000000000e+03 4.961000000000000000e+03 1.557477051392197609e-03 9.374699555337429047e-03
5.007000000000000000e+03 5.007000000000000000e+03 1.603529322892427444e-03 9.431011043488979340e-03
5.054000000000000000e+03 5.054000000000000000e+03 1.558169955387711525e-03 9.385515004396438599e-03
5.101000000000000000e+03 5.101000000000000000e+03 1.508817891590297222e-03 9.327922947704792023e-03
5.148000000000000000e+03 5.148000000000000000e+03 1.523598912172019482e-03 9.323623962700366974e-03
5.196000000000000000e+03 5.196000000000000000e+03 1.437366823665797710e-03 9.249866008758544922e-03
5.244000000000000000e+03 5.244000000000000000e+03 1.456564757972955704e-03 9.235785342752933502e-03
5.292000000000000000e+03 5.292000000000000000e+03 1.462872140109539032e-03 9.265023283660411835e-03
5.341000000000000000e+03 5.341000000000000000e+03 1.653863932006061077e-03 9.461553767323493958e-03
5.391000000000000000e+03 5.391000000000000000e+03 1.829457469284534454e-03 9.696102701127529144e-03
5.441000000000000000e+03 5.441000000000000000e+03 1.495301839895546436e-03 9.273061528801918030e-03
5.491000000000000000e+03 5.491000000000000000e+03 1.482420950196683407e-03 9.321296587586402893e-03
5.542000000000000000e+03 5.542000000000000000e+03 1.490031252615153790e-03 9.314586408436298370e-03
5.593000000000000000e+03 5.593000000000000000e+03 1.458910526707768440e-03 9.267657063901424408e-03
5.645000000000000000e+03 5.645000000000000000e+03 1.552065717987716198e-03 9.371539577841758728e-03
5.697000000000000000e+03 5.697000000000000000e+03 1.435491954907774925e-03 9.277446195483207703e-03
5.750000000000000000e+03 5.750000000000000000e+03 1.789291040040552616e-03 9.650128893554210663e-03
5.803000000000000000e+03 5.803000000000000000e+03 1.581897377036511898e-03 9.389161132276058197e-03
5.857000000000000000e+03 5.857000000000000000e+03 1.556402305141091347e-03 9.368721395730972290e-03
5.911000000000000000e+03 5.911000000000000000e+03 1.386711257509887218e-03 9.191826917231082916e-03
5.966000000000000000e+03 5.966000000000000000e+03 1.745161716826260090e-03 9.593884460628032684e-03
6.021000000000000000e+03 6.021000000000000000e+03 1.467764261178672314e-03 9.338060393929481506e-03
6.077000000000000000e+03 6.077000000000000000e+03 1.429265597835183144e-03 9.293303824961185455e-03
6.134000000000000000e+03 6.134000000000000000e+03 1.483665080741047859e-03 9.342417120933532715e-03
6.190000000000000000e+03 6.190000000000000000e+03 1.353642670437693596e-03 9.194664657115936279e-03
6.248000000000000000e+03 6.248000000000000000e+03 1.627679099328815937e-03 9.526936337351799011e-03
6.306000000000000000e+03 6.306000000000000000e+03 1.456971629522740841e-03 9.310416877269744873e-03
6.364000000000000000e+03 6.364000000000000000e+03 1.378309563733637333e-03 9.230196475982666016e-03
6.423000000000000000e+03 6.423000000000000000e+03 1.657169312238693237e-03 9.563124738633632660e-03
6.482000000000000000e+03 6.482000000000000000e+03 1.426151371560990810e-03 9.314023889601230621e-03
6.542000000000000000e+03 6.542000000000000000e+03 1.463369117118418217e-03 9.361162781715393066e-03
6.603000000000000000e+03 6.603000000000000000e+03 1.398323220200836658e-03 9.298701770603656769e-03
6.664000000000000000e+03 6.664000000000000000e+03 1.739276107400655746e-03 9.690837934613227844e-03
6.726000000000000000e+03 6.726000000000000000e+03 1.342448755167424679e-03 9.234072640538215637e-03
6.788000000000000000e+03 6.788000000000000000e+03 1.755354111082851887e-03 9.712273254990577698e-03
6.851000000000000000e+03 6.851000000000000000e+03 1.465933280996978283e-03 9.220018051564693451e-03
6.915000000000000000e+03 6.915000000000000000e+03 1.359403715468943119e-03 9.219014085829257965e-03
6.979000000000000000e+03 6.979000000000000000e+03 1.401696936227381229e-03 9.313534945249557495e-03
7.043000000000000000e+03 7.043000000000000000e+03 1.404617098160088062e-03 9.306888096034526825e-03
7.109000000000000000e+03 7.109000000000000000e+03 1.394557650201022625e-03 9.292921982705593109e-03
7.174000000000000000e+03 7.174000000000000000e+03 1.434766920283436775e-03 9.377094916999340057e-03
7.241000000000000000e+03 7.241000000000000000e+03 1.492670737206935883e-03 9.396824054419994354e-03
7.308000000000000000e+03 7.308000000000000000e+03 1.463823602534830570e-03 9.405955672264099121e-03
7.376000000000000000e+03 7.376000000000000000e+03 1.572712440975010395e-03 9.507503360509872437e-03
7.444000000000000000e+03 7.444000000000000000e+03 1.445426372811198235e-03 9.408277459442615509e-03
7.513000000000000000e+03 7.513000000000000000e+03 1.593118766322731972e-03 9.574153460562229156e-03
7.582000000000000000e+03 7.582000000000000000e+03 1.487171160988509655e-03 9.435547515749931335e-03
7.653000000000000000e+03 7.653000000000000000e+03 1.345226191915571690e-03 9.326750412583351135e-03
7.724000000000000000e+03 7.724000000000000000e+03 1.448624418117105961e-03 9.445498697459697723e-03
7.795000000000000000e+03 7.795000000000000000e+03 1.357788336463272572e-03 9.307154454290866852e-03
7.867000000000000000e+03 7.867000000000000000e+03 1.337664318270981312e-03 9.332062676548957825e-03
7.940000000000000000e+03 7.940000000000000000e+03 1.440383377484977245e-03 9.419137611985206604e-03
8.014000000000000000e+03 8.014000000000000000e+03 1.385908806696534157e-03 9.366811253130435944e-03
8.088000000000000000e+03 8.088000000000000000e+03 1.420677755959331989e-03 9.422294795513153076e-03
8.163000000000000000e+03 8.163000000000000000e+03 1.434086123481392860e-03 9.471196681261062622e-03
8.238000000000000000e+03 8.238000000000000000e+03 1.423508510924875736e-03 9.463526308536529541e-03
8.315000000000000000e+03 8.315000000000000000e+03 1.358163892291486263e-03 9.346925653517246246e-03
8.392000000000000000e+03 8.392000000000000000e+03 1.481493934988975525e-03 9.534718468785285950e-03
8.470000000000000000e+03 8.470000000000000000e+03 1.448805211111903191e-03 9.514518082141876221e-03
8.548000000000000000e+03 8.548000000000000000e+03 1.452292548492550850e-03 9.498152881860733032e-03
8.627000000000000000e+03 8.627000000000000000e+03 1.341117080301046371e-03 9.387436322867870331e-03
8.707000000000000000e+03 8.707000000000000000e+03 1.376921078190207481e-03 9.484006091952323914e-03
8.788000000000000000e+03 8.788000000000000000e+03 1.524174353107810020e-03 9.594181552529335022e-03
8.869000000000000000e+03 8.869000000000000000e+03 1.445593079552054405e-03 9.534458629786968231e-03
8.951000000000000000e+03 8.951000000000000000e+03 1.506218803115189075e-03 9.609155356884002686e-03
9.034000000000000000e+03 9.034000000000000000e+03 1.406497438438236713e-03 9.543328545987606049e-03
9.118000000000000000e+03 9.118000000000000000e+03 1.405977178364992142e-03 9.517040103673934937e-03
9.202000000000000000e+03 9.202000000000000000e+03 1.300458447076380253e-03 9.308075532317161560e-03
9.288000000000000000e+03 9.288000000000000000e+03 1.382667687721550465e-03 9.507886134088039398e-03
9.374000000000000000e+03 9.374000000000000000e+03 1.392580918036401272e-03 9.538043290376663208e-03
9.460000000000000000e+03 9.460000000000000000e+03 1.309993560425937176e-03 9.450663812458515167e-03
9.548000000000000000e+03 9.548000000000000000e+03 1.367695047520101070e-03 9.544962085783481598e-03
9.636000000000000000e+03 9.636000000000000000e+03 1.419228152371942997e-03 9.610550478100776672e-03
9.726000000000000000e+03 9.726000000000000000e+03 1.403571804985404015e-03 9.596782736480236053e-03
9.816000000000000000e+03 9.816000000000000000e+03 1.344599411822855473e-03 9.528027847409248352e-03
9.907000000000000000e+03 9.907000000000000000e+03 1.410030643455684185e-03 9.608284570276737213e-03
9.998000000000000000e+03 9.998000000000000000e+03 1.302704098634421825e-03 9.486394934356212616e-03
