1.000000000000000000e+00 1.000000000000000000e+00 1.876052841544151306e-02 5.570920184254646301e-02
2.000000000000000000e+00 2.000000000000000000e+00 3.562290966510772705e-02 1.061088740825653076e-01
3.000000000000000000e+00 3.000000000000000000e+00 1.964142918586730957e-02 5.877063795924186707e-02
4.000000000000000000e+00 4.000000000000000000e+00 8.812434040009975433e-03 2.684883773326873779e-02
5.000000000000000000e+00 5.000000000000000000e+00 6.179584190249443054e-03 1.892444677650928497e-02
6.000000000000000000e+00 6.000000000000000000e+00 5.756994709372520447e-03 1.748861744999885559e-02
7.000000000000000000e+00 7.000000000000000000e+00 5.426458548754453659e-03 1.651791110634803772e-02
8.000000000000000000e+00 8.000000000000000000e+00 5.208861548453569412e-03 1.593137905001640320e-02
9.000000000000000000e+00 9.000000000000000000e+00 4.960753954946994781e-03 1.524624321609735489e-02
1.000000000000000000e+01 1.000000000000000000e+01 4.864091053605079651e-03 1.496738754212856293e-02
1.100000000000000000e+01 1.100000000000000000e+01 4.724844358861446381e-03 1.455455832183361053e-02
1.200000000000000000e+01 1.200000000000000000e+01 4.535194486379623413e-03 1.402215659618377686e-02
1.300000000000000000e+01 1.300000000000000000e+01 4.490276332944631577e-03 1.392609253525733948e-02
1.400000000000000000e+01 1.400000000000000000e+01 4.447359591722488403e-03 1.382455229759216309e-02
1.500000000000000000e+01 1.500000000000000000e+01 4.344511777162551880e-03 1.352539472281932831e-02
1.600000000000000000e+01 1.600000000000000000e+01 4.264343529939651489e-03 1.328396052122116089e-02
1.700000000000000000e+01 1.700000000000000000e+01 4.199112765491008759e-03 1.309077069163322449e-02
1.800000000000000000e+01 1.800000000000000000e+01 4.115541931241750717e-03 1.284598559141159058e-02
1.900000000000000000e+01 1.900000000000000000e+01 4.036013968288898468e-03 1.260165497660636902e-02
2.000000000000000000e+01 2.000000000000000000e+01 3.960595000535249710e-03 1.236012205481529236e-02
2.100000000000000000e+01 2.100000000000000000e+01 3.918890841305255890e-03 1.223394647240638733e-02
2.200000000000000000e+01 2.200000000000000000e+01 3.850468667224049568e-03 1.206542551517486572e-02
2.300000000000000000e+01 2.300000000000000000e+01 3.777376841753721237e-03 1.190920453518629074e-02
2.400000000000000000e+01 2.400000000000000000e+01 3.743907902389764786e-03 1.185610331594944000e-02
2.500000000000000000e+01 2.500000000000000000e+01 3.677650587633252144e-03 1.166556030511856079e-02
2.600000000000000000e+01 2.600000000000000000e+01 3.604067256674170494e-03 1.142540201544761658e-02
2.700000000000000000e+01 2.700000000000000000e+01 3.553802613168954849e-03 1.125892437994480133e-02
2.800000000000000000e+01 2.800000000000000000e+01 3.499280195683240891e-03 1.110480632632970810e-02
2.900000000000000000e+01 2.900000000000000000e+01 3.444341942667961121e-03 1.096705906093120575e-02
3.000000000000000000e+01 3.000000000000000000e+01 3.379981499165296555e-03 1.080101635307073593e-02
3.100000000000000000e+01 3.100000000000000000e+01 3.323909826576709747e-03 1.065223291516304016e-02
3.200000000000000000e+01 3.200000000000000000e+01 3.277522278949618340e-03 1.053237263113260269e-02
3.300000000000000000e+01 3.300000000000000000e+01 3.217533463612198830e-03 1.037060655653476715e-02
3.400000000000000000e+01 3.400000000000000000e+01 3.166867420077323914e-03 1.022273302078247070e-02
3.500000000000000000e+01 3.500000000000000000e+01 3.114428371191024780e-03 1.005253754556179047e-02
3.600000000000000000e+01 3.600000000000000000e+01 3.061051014810800552e-03 9.878581389784812927e-03
3.700000000000000000e+01 3.700000000000000000e+01 3.005646169185638428e-03 9.726222604513168335e-03
3.800000000000000000e+01 3.800000000000000000e+01 2.953321905806660652e-03 9.601369500160217285e-03
3.900000000000000000e+01 3.900000000000000000e+01 2.905401401221752167e-03 9.473579004406929016e-03
4.000000000000000000e+01 4.000000000000000000e+01 2.857106737792491913e-03 9.315196424722671509e-03
4.100000000000000000e+01 4.100000000000000000e+01 2.810520119965076447e-03 9.158914908766746521e-03
4.200000000000000000e+01 4.200000000000000000e+01 2.757007954642176628e-03 9.004082530736923218e-03
4.300000000000000000e+01 4.300000000000000000e+01 2.712158951908349991e-03 8.885129354894161224e-03
4.400000000000000000e+01 4.400000000000000000e+01 2.666271757334470749e-03 8.751208893954753876e-03
4.500000000000000000e+01 4.500000000000000000e+01 2.621362917125225067e-03 8.624961599707603455e-03
4.600000000000000000e+01 4.600000000000000000e+01 2.574321348220109940e-03 8.507676422595977783e-03
4.700000000000000000e+01 4.700000000000000000e+01 2.529599238187074661e-03 8.382285013794898987e-03
4.800000000000000000e+01 4.800000000000000000e+01 2.484072465449571609e-03 8.240987546741962433e-03
4.900000000000000000e+01 4.900000000000000000e+01 2.443063538521528244e-03 8.139654994010925293e-03
5.000000000000000000e+01 5.000000000000000000e+01 2.397425938397645950e-03 8.030325174331665039e-03
5.100000000000000000e+01 5.100000000000000000e+01 2.354461466893553734e-03 7.909905165433883667e-03
5.200000000000000000e+01 5.200000000000000000e+01 2.314700745046138763e-03 7.788696326315402985e-03
5.300000000000000000e+01 5.300000000000000000e+01 2.282234374433755875e-03 7.702521979808807373e-03
5.400000000000000000e+01 5.400000000000000000e+01 2.260592533275485039e-03 7.638429291546344757e-03
5.500000000000000000e+01 5.500000000000000000e+01 2.295574173331260681e-03 7.756728678941726685e-03
5.600000000000000000e+01 5.600000000000000000e+01 2.548262942582368851e-03 8.517691865563392639e-03
5.700000000000000000e+01 5.700000000000000000e+01 2.675678348168730736e-03 8.946342393755912781e-03
5.800000000000000000e+01 5.800000000000000000e+01 2.409519627690315247e-03 8.090503513813018799e-03
5.900000000000000000e+01 5.900000000000000000e+01 2.193229040130972862e-03 7.435226812958717346e-03
6.000000000000000000e+01 6.000000000000000000e+01 2.441409043967723846e-03 8.217167109251022339e-03
6.100000000000000000e+01 6.100000000000000000e+01 2.149982610717415810e-03 7.314037531614303589e-03
6.200000000000000000e+01 6.200000000000000000e+01 2.219262998551130295e-03 7.501956541091203690e-03
6.300000000000000000e+01 6.300000000000000000e+01 2.166766440495848656e-03 7.407039869576692581e-03
6.400000000000000000e+01 6.400000000000000000e+01 2.078708726912736893e-03 7.151932921260595322e-03
6.500000000000000000e+01 6.500000000000000000e+01 2.122425474226474762e-03 7.247959263622760773e-03
6.600000000000000000e+01 6.600000000000000000e+01 1.998875755816698074e-03 6.892826873809099197e-03
6.700000000000000000e+01 6.700000000000000000e+01 2.083756495267152786e-03 7.179303094744682312e-03
6.800000000000000000e+01 6.800000000000000000e+01 1.955809304490685463e-03 6.778123322874307632e-03
6.900000000000000000e+01 6.900000000000000000e+01 1.997757237404584885e-03 6.908928509801626205e-03
7.000000000000000000e+01 7.000000000000000000e+01 1.904613571241497993e-03 6.656105630099773407e-03
7.100000000000000000e+01 7.100000000000000000e+01 1.895030261948704720e-03 6.637017708271741867e-03
7.200000000000000000e+01 7.200000000000000000e+01 1.885026227682828903e-03 6.579856388270854950e-03
7.300000000000000000e+01 7.300000000000000000e+01 1.808017492294311523e-03 6.399254314601421356e-03
7.400000000000000000e+01 7.400000000000000000e+01 1.857622060924768448e-03 6.555236410349607468e-03
7.500000000000000000e+01 7.500000000000000000e+01 1.916576176881790161e-03 6.694495677947998047e-03
7.600000000000000000e+01 7.600000000000000000e+01 2.197437454015016556e-03 7.577203679829835892e-03
7.700000000000000000e+01 7.700000000000000000e+01 2.322109183296561241e-03 7.936540991067886353e-03
7.800000000000000000e+01 7.800000000000000000e+01 2.188959391787648201e-03 7.518840022385120392e-03
7.900000000000000000e+01 7.900000000000000000e+01 1.958677312359213829e-03 6.780869327485561371e-03
8.000000000000000000e+01 8.000000000000000000e+01 2.025289693847298622e-03 6.975210271775722504e-03
8.100000000000000000e+01 8.100000000000000000e+01 1.939510926604270935e-03 6.777700968086719513e-03
8.200000000000000000e+01 8.200000000000000000e+01 1.904543256387114525e-03 6.655336823314428329e-03
8.300000000000000000e+01 8.300000000000000000e+01 1.876333146356046200e-03 6.592760328203439713e-03
8.400000000000000000e+01 8.400000000000000000e+01 1.803981023840606213e-03 6.392218172550201416e-03
8.500000000000000000e+01 8.500000000000000000e+01 1.818208955228328705e-03 6.380939856171607971e-03
8.600000000000000000e+01 8.600000000000000000e+01 1.768215908668935299e-03 6.267375312745571136e-03
8.700000000000000000e+01 8.700000000000000000e+01 1.730311894789338112e-03 6.185477599501609802e-03
8.800000000000000000e+01 8.800000000000000000e+01 1.727201277390122414e-03 6.161238532513380051e-03
8.900000000000000000e+01 8.900000000000000000e+01 1.668896526098251343e-03 6.012695841491222382e-03
9.000000000000000000e+01 9.000000000000000000e+01 1.671443227678537369e-03 6.020674947649240494e-03
9.100000000000000000e+01 9.100000000000000000e+01 1.645038137212395668e-03 5.914169829338788986e-03
9.200000000000000000e+01 9.200000000000000000e+01 1.621050760149955750e-03 5.867190659046173096e-03
9.300000000000000000e+01 9.300000000000000000e+01 1.622017938643693924e-03 5.884004756808280945e-03
9.400000000000000000e+01 9.400000000000000000e+01 1.624932978302240372e-03 5.865023471415042877e-03
9.500000000000000000e+01 9.500000000000000000e+01 1.629002625122666359e-03 5.933535285294055939e-03
9.700000000000000000e+01 9.700000000000000000e+01 1.666296273469924927e-03 6.049489602446556091e-03
9.800000000000000000e+01 9.800000000000000000e+01 1.683549256995320320e-03 6.033874116837978363e-03
9.900000000000000000e+01 9.900000000000000000e+01 1.628695754334330559e-03 5.948879290372133255e-03
1.000000000000000000e+02 1.000000000000000000e+02 1.657508197240531445e-03 6.055379286408424377e-03
1.010000000000000000e+02 1.010000000000000000e+02 1.764106098562479019e-03 6.322525907307863235e-03
1.020000000000000000e+02 1.020000000000000000e+02 1.898158458061516285e-03 6.747383624315261841e-03
1.030000000000000000e+02 1.030000000000000000e+02 1.683612121269106865e-03 6.129999645054340363e-03
1.050000000000000000e+02 1.050000000000000000e+02 1.724350498989224434e-03 6.263818591833114624e-03
1.060000000000000000e+02 1.060000000000000000e+02 1.700251596048474312e-03 6.149736233055591583e-03
1.070000000000000000e+02 1.070000000000000000e+02 1.606486272066831589e-03 5.882095545530319214e-03
1.080000000000000000e+02 1.080000000000000000e+02 1.616070978343486786e-03 5.982312373816967010e-03
1.100000000000000000e+02 1.100000000000000000e+02 1.530711655505001545e-03 5.583811085671186447e-03
1.110000000000000000e+02 1.110000000000000000e+02 1.566831022500991821e-03 5.780640523880720139e-03
1.120000000000000000e+02 1.120000000000000000e+02 1.512914313934743404e-03 5.662130191922187805e-03
1.140000000000000000e+02 1.140000000000000000e+02 1.458312850445508957e-03 5.515701137483119965e-03
1.150000000000000000e+02 1.150000000000000000e+02 1.479729078710079193e-03 5.539628677070140839e-03
1.160000000000000000e+02 1.160000000000000000e+02 1.433673547580838203e-03 5.364865064620971680e-03
1.180000000000000000e+02 1.180000000000000000e+02 1.440769294276833534e-03 5.532972980290651321e-03
1.190000000000000000e+02 1.190000000000000000e+02 1.390177989378571510e-03 5.312081426382064819e-03
1.200000000000000000e+02 1.200000000000000000e+02 1.403006026521325111e-03 5.322619806975126266e-03
1.220000000000000000e+02 1.220000000000000000e+02 1.448984490707516670e-03 5.569937638938426971e-03
1.230000000000000000e+02 1.230000000000000000e+02 1.424139947630465031e-03 5.444076377898454666e-03
1.250000000000000000e+02 1.250000000000000000e+02 1.510346541181206703e-03 5.673791747540235519e-03
1.260000000000000000e+02 1.260000000000000000e+02 1.489912974648177624e-03 5.659313872456550598e-03
1.270000000000000000e+02 1.270000000000000000e+02 1.424571499228477478e-03 5.496519617736339569e-03
1.290000000000000000e+02 1.290000000000000000e+02 1.452683238312602043e-03 5.529445596039295197e-03
1.300000000000000000e+02 1.300000000000000000e+02 1.429033349268138409e-03 5.453635007143020630e-03
1.320000000000000000e+02 1.320000000000000000e+02 1.401862711645662785e-03 5.401559174060821533e-03
1.340000000000000000e+02 1.340000000000000000e+02 1.367790624499320984e-03 5.347838625311851501e-03
1.350000000000000000e+02 1.350000000000000000e+02 1.340739661827683449e-03 5.224799271672964096e-03
1.370000000000000000e+02 1.370000000000000000e+02 1.393251237459480762e-03 5.426720250397920609e-03
1.380000000000000000e+02 1.380000000000000000e+02 1.361109549179673195e-03 5.365047138184309006e-03
1.400000000000000000e+02 1.400000000000000000e+02 1.385027309879660606e-03 5.402528680860996246e-03
1.410000000000000000e+02 1.410000000000000000e+02 1.392688835039734840e-03 5.405178293585777283e-03
1.430000000000000000e+02 1.430000000000000000e+02 1.339520444162189960e-03 5.310254637151956558e-03
1.450000000000000000e+02 1.450000000000000000e+02 1.306326594203710556e-03 5.155253224074840546e-03
1.460000000000000000e+02 1.460000000000000000e+02 1.284442609176039696e-03 5.153346806764602661e-03
1.480000000000000000e+02 1.480000000000000000e+02 1.327204634435474873e-03 5.256537348031997681e-03
1.500000000000000000e+02 1.500000000000000000e+02 1.353797037154436111e-03 5.296809598803520203e-03
1.520000000000000000e+02 1.520000000000000000e+02 1.374866347759962082e-03 5.485001020133495331e-03
1.530000000000000000e+02 1.530000000000000000e+02 1.336039858870208263e-03 5.276607349514961243e-03
1.550000000000000000e+02 1.550000000000000000e+02 1.278702402487397194e-03 5.191859323531389236e-03
1.570000000000000000e+02 1.570000000000000000e+02 1.279316842555999756e-03 5.154890473932027817e-03
1.590000000000000000e+02 1.590000000000000000e+02 1.284573576413094997e-03 5.201754160225391388e-03
1.610000000000000000e+02 1.610000000000000000e+02 1.252653542906045914e-03 5.126596428453922272e-03
1.630000000000000000e+02 1.630000000000000000e+02 1.281191711314022541e-03 5.211777985095977783e-03
1.640000000000000000e+02 1.640000000000000000e+02 1.429463271051645279e-03 5.635508801788091660e-03
1.660000000000000000e+02 1.660000000000000000e+02 1.578349969349801540e-03 6.140144541859626770e-03
1.680000000000000000e+02 1.680000000000000000e+02 1.340552349574863911e-03 5.259526893496513367e-03
1.700000000000000000e+02 1.700000000000000000e+02 1.322102267295122147e-03 5.335355643182992935e-03
1.720000000000000000e+02 1.720000000000000000e+02 1.268290681764483452e-03 5.155073013156652451e-03
1.740000000000000000e+02 1.740000000000000000e+02 1.228038105182349682e-03 5.029615946114063263e-03
1.760000000000000000e+02 1.760000000000000000e+02 1.236257841810584068e-03 5.078708752989768982e-03
1.780000000000000000e+02 1.780000000000000000e+02 1.182335428893566132e-03 4.967368207871913910e-03
1.800000000000000000e+02 1.800000000000000000e+02 1.172675983980298042e-03 4.870457574725151062e-03
1.820000000000000000e+02 1.820000000000000000e+02 1.171970041468739510e-03 5.036561749875545502e-03
1.850000000000000000e+02 1.850000000000000000e+02 1.343389740213751793e-03 5.501382984220981598e-03
1.870000000000000000e+02 1.870000000000000000e+02 1.282859360799193382e-03 5.226844456046819687e-03
1.890000000000000000e+02 1.890000000000000000e+02 1.323032309301197529e-03 5.376919172704219818e-03
1.910000000000000000e+02 1.910000000000000000e+02 1.252660993486642838e-03 5.201920866966247559e-03
1.930000000000000000e+02 1.930000000000000000e+02 1.168943941593170166e-03 4.925433546304702759e-03
1.960000000000000000e+02 1.960000000000000000e+02 1.278124283999204636e-03 5.180073436349630356e-03
1.980000000000000000e+02 1.980000000000000000e+02 1.270962180569767952e-03 5.274726543575525284e-03
2.000000000000000000e+02 2.000000000000000000e+02 1.127171562984585762e-03 4.800109192728996277e-03
2.020000000000000000e+02 2.020000000000000000e+02 1.161861931905150414e-03 4.922257736325263977e-03
2.050000000000000000e+02 2.050000000000000000e+02 1.160631771199405193e-03 4.996821749955415726e-03
2.070000000000000000e+02 2.070000000000000000e+02 1.103526679798960686e-03 4.782840609550476074e-03
2.100000000000000000e+02 2.100000000000000000e+02 1.059857197105884552e-03 4.676460754126310349e-03
2.120000000000000000e+02 2.120000000000000000e+02 1.054309774190187454e-03 4.727790132164955139e-03
2.140000000000000000e+02 2.140000000000000000e+02 1.047403784468770027e-03 4.647995345294475555e-03
2.170000000000000000e+02 2.170000000000000000e+02 1.094791572540998459e-03 4.832302220165729523e-03
2.190000000000000000e+02 2.190000000000000000e+02 1.242484664544463158e-03 5.174787715077400208e-03
2.220000000000000000e+02 2.220000000000000000e+02 1.195497345179319382e-03 5.117991939187049866e-03
2.250000000000000000e+02 2.250000000000000000e+02 1.077604945749044418e-03 4.714443814009428024e-03
2.270000000000000000e+02 2.270000000000000000e+02 1.161606749519705772e-03 4.975732415914535522e-03
2.300000000000000000e+02 2.300000000000000000e+02 1.113386242650449276e-03 4.916468635201454163e-03
2.330000000000000000e+02 2.330000000000000000e+02 1.119929598644375801e-03 4.936723038554191589e-03
2.350000000000000000e+02 2.350000000000000000e+02 1.057178131304681301e-03 4.631063900887966156e-03
2.380000000000000000e+02 2.380000000000000000e+02 1.118243904784321785e-03 4.811499267816543579e-03
2.410000000000000000e+02 2.410000000000000000e+02 1.019722316414117813e-03 4.602668806910514832e-03
2.430000000000000000e+02 2.430000000000000000e+02 9.852969087660312653e-04 4.443102516233921051e-03
2.460000000000000000e+02 2.460000000000000000e+02 1.028583152219653130e-03 4.713535308837890625e-03
2.490000000000000000e+02 2.490000000000000000e+02 1.089481287635862827e-03 4.801248665899038315e-03
2.520000000000000000e+02 2.520000000000000000e+02 9.355341317132115364e-04 4.298237152397632599e-03
2.550000000000000000e+02 2.550000000000000000e+02 9.811702184379100800e-04 4.479001276195049286e-03
2.580000000000000000e+02 2.580000000000000000e+02 1.116908155381679535e-03 4.808525089174509048e-03
2.610000000000000000e+02 2.610000000000000000e+02 1.023678574711084366e-03 4.567706026136875153e-03
2.640000000000000000e+02 2.640000000000000000e+02 9.980576578527688980e-04 4.527299664914608002e-03
2.670000000000000000e+02 2.670000000000000000e+02 9.204056113958358765e-04 4.350555595010519028e-03
2.700000000000000000e+02 2.700000000000000000e+02 9.813626529648900032e-04 4.594055935740470886e-03
2.730000000000000000e+02 2.730000000000000000e+02 9.278688230551779270e-04 4.394607618451118469e-03
2.760000000000000000e+02 2.760000000000000000e+02 9.894274407997727394e-04 4.633870441466569901e-03
2.800000000000000000e+02 2.800000000000000000e+02 8.592564263381063938e-04 4.180495627224445343e-03
2.830000000000000000e+02 2.830000000000000000e+02 1.041355775669217110e-03 4.726050421595573425e-03
2.860000000000000000e+02 2.860000000000000000e+02 1.000702613964676857e-03 4.604987334460020065e-03
2.900000000000000000e+02 2.900000000000000000e+02 9.356762748211622238e-04 4.410780966281890869e-03
2.930000000000000000e+02 2.930000000000000000e+02 8.766620885580778122e-04 4.266173578798770905e-03
2.960000000000000000e+02 2.960000000000000000e+02 9.525058558210730553e-04 4.494617693126201630e-03
3.000000000000000000e+02 3.000000000000000000e+02 9.586904197931289673e-04 4.478477407246828079e-03
3.030000000000000000e+02 3.030000000000000000e+02 8.969605551101267338e-04 4.307785537093877792e-03
3.070000000000000000e+02 3.070000000000000000e+02 8.821243536658585072e-04 4.287284333258867264e-03
3.100000000000000000e+02 3.100000000000000000e+02 8.858658839017152786e-04 4.255887586623430252e-03
3.140000000000000000e+02 3.140000000000000000e+02 8.727602544240653515e-04 4.289123229682445526e-03
3.180000000000000000e+02 3.180000000000000000e+02 8.518558461219072342e-04 4.145114682614803314e-03
3.210000000000000000e+02 3.210000000000000000e+02 7.921627257019281387e-04 4.003291483968496323e-03
3.250000000000000000e+02 3.250000000000000000e+02 8.858551736921072006e-04 4.388708621263504028e-03
3.290000000000000000e+02 3.290000000000000000e+02 8.484985446557402611e-04 4.225256852805614471e-03
3.330000000000000000e+02 3.330000000000000000e+02 8.142440929077565670e-04 4.128163214772939682e-03
3.360000000000000000e+02 3.360000000000000000e+02 7.740064756944775581e-04 4.009580239653587341e-03
3.400000000000000000e+02 3.400000000000000000e+02 1.286189421080052853e-03 5.419836379587650299e-03
3.440000000000000000e+02 3.440000000000000000e+02 1.043374650180339813e-03 4.743343684822320938e-03
3.480000000000000000e+02 3.480000000000000000e+02 8.444939740002155304e-04 4.165871534496545792e-03
3.520000000000000000e+02 3.520000000000000000e+02 8.037896477617323399e-04 4.051540512591600418e-03
3.560000000000000000e+02 3.560000000000000000e+02 8.255020948126912117e-04 4.127888940274715424e-03
3.610000000000000000e+02 3.610000000000000000e+02 8.740621851757168770e-04 4.224641248583793640e-03
3.650000000000000000e+02 3.650000000000000000e+02 7.595239439979195595e-04 3.960748203098773956e-03
3.690000000000000000e+02 3.690000000000000000e+02 7.113642059266567230e-04 3.823008388280868530e-03
3.730000000000000000e+02 3.730000000000000000e+02 7.887098472565412521e-04 4.192003980278968811e-03
3.780000000000000000e+02 3.780000000000000000e+02 8.648537332192063332e-04 4.224281758069992065e-03
3.820000000000000000e+02 3.820000000000000000e+02 8.218041039071977139e-04 4.164515063166618347e-03
3.860000000000000000e+02 3.860000000000000000e+02 7.940047071315348148e-04 4.074111115187406540e-03
3.910000000000000000e+02 3.910000000000000000e+02 7.215860532596707344e-04 3.908899612724781036e-03
3.950000000000000000e+02 3.950000000000000000e+02 6.399570265784859657e-04 3.679150482639670372e-03
4.000000000000000000e+02 4.000000000000000000e+02 7.101838127709925175e-04 3.971993923187255859e-03
4.050000000000000000e+02 4.050000000000000000e+02 7.708732737228274345e-04 4.103733226656913757e-03
4.090000000000000000e+02 4.090000000000000000e+02 9.930380620062351227e-04 4.650299437344074249e-03
4.140000000000000000e+02 4.140000000000000000e+02 8.322396897710859776e-04 4.139532800763845444e-03
4.190000000000000000e+02 4.190000000000000000e+02 6.934822304174304008e-04 3.769285744056105614e-03
4.240000000000000000e+02 4.240000000000000000e+02 6.626372341997921467e-04 3.750776872038841248e-03
4.290000000000000000e+02 4.290000000000000000e+02 6.716763600707054138e-04 3.761207684874534607e-03
4.340000000000000000e+02 4.340000000000000000e+02 7.136177155189216137e-04 3.931540064513683319e-03
4.390000000000000000e+02 4.390000000000000000e+02 6.434140959754586220e-04 3.739944426342844963e-03
4.440000000000000000e+02 4.440000000000000000e+02 6.220181821845471859e-04 3.641104092821478844e-03
4.490000000000000000e+02 4.490000000000000000e+02 6.796362577006220818e-04 3.907616250216960907e-03
4.540000000000000000e+02 4.540000000000000000e+02 6.032184464856982231e-04 3.602975979447364807e-03
4.590000000000000000e+02 4.590000000000000000e+02 5.873086629435420036e-04 3.691111924126744270e-03
4.650000000000000000e+02 4.650000000000000000e+02 5.396784981712698936e-04 3.490179544314742088e-03
4.700000000000000000e+02 4.700000000000000000e+02 9.205929818563163280e-04 4.458901938050985336e-03
4.760000000000000000e+02 4.760000000000000000e+02 6.576707819476723671e-04 3.795273602008819580e-03
4.810000000000000000e+02 4.810000000000000000e+02 5.929695325903594494e-04 3.578072879463434219e-03
4.870000000000000000e+02 4.870000000000000000e+02 5.357253248803317547e-04 3.488109679892659187e-03
4.920000000000000000e+02 4.920000000000000000e+02 4.723132005892693996e-04 3.308457788079977036e-03
4.980000000000000000e+02 4.980000000000000000e+02 6.842790171504020691e-04 3.960242029279470444e-03
5.040000000000000000e+02 5.040000000000000000e+02 5.657768342643976212e-04 3.513850737363100052e-03
5.100000000000000000e+02 5.100000000000000000e+02 5.064436700195074081e-04 3.423529909923672676e-03
5.160000000000000000e+02 5.160000000000000000e+02 4.764455079566687346e-04 3.405155381187796593e-03
5.220000000000000000e+02 5.220000000000000000e+02 6.833944935351610184e-04 3.981814719736576080e-03
5.280000000000000000e+02 5.280000000000000000e+02 7.196238730102777481e-04 3.922213800251483917e-03
5.340000000000000000e+02 5.340000000000000000e+02 5.494022043421864510e-04 3.500018734484910965e-03
5.400000000000000000e+02 5.400000000000000000e+02 4.891811404377222061e-04 3.385273739695549011e-03
5.460000000000000000e+02 5.460000000000000000e+02 4.743975587189197540e-04 3.350120037794113159e-03
5.530000000000000000e+02 5.530000000000000000e+02 5.565349711105227470e-04 3.644154407083988190e-03
5.590000000000000000e+02 5.590000000000000000e+02 4.666749737225472927e-04 3.368249628692865372e-03
5.650000000000000000e+02 5.650000000000000000e+02 4.905334208160638809e-04 3.394035156816244125e-03
5.720000000000000000e+02 5.720000000000000000e+02 6.421187426894903183e-04 3.848991356790065765e-03
5.790000000000000000e+02 5.790000000000000000e+02 5.227057263255119324e-04 3.440583823248744011e-03
5.850000000000000000e+02 5.850000000000000000e+02 4.549157747533172369e-04 3.278128337115049362e-03
5.920000000000000000e+02 5.920000000000000000e+02 4.312314558774232864e-04 3.253350034356117249e-03
5.990000000000000000e+02 5.990000000000000000e+02 4.828700621146708727e-04 3.413472557440400124e-03
6.060000000000000000e+02 6.060000000000000000e+02 4.372042894829064608e-04 3.248385852202773094e-03
6.130000000000000000e+02 6.130000000000000000e+02 5.003346595913171768e-04 3.475225297734141350e-03
6.200000000000000000e+02 6.200000000000000000e+02 5.542694707401096821e-04 3.493936266750097275e-03
6.270000000000000000e+02 6.270000000000000000e+02 4.158379451837390661e-04 3.219160484150052071e-03
6.350000000000000000e+02 6.350000000000000000e+02 4.203926655463874340e-04 3.268674481660127640e-03
6.420000000000000000e+02 6.420000000000000000e+02 3.729640156961977482e-04 3.155377926304936409e-03
6.490000000000000000e+02 6.490000000000000000e+02 4.352233372628688812e-04 3.275689668953418732e-03
6.570000000000000000e+02 6.570000000000000000e+02 4.375748394522815943e-04 3.261237870901823044e-03
6.640000000000000000e+02 6.640000000000000000e+02 3.631578292697668076e-04 3.063117619603872299e-03
6.720000000000000000e+02 6.720000000000000000e+02 3.718388907145708799e-04 3.090169746428728104e-03
6.800000000000000000e+02 6.800000000000000000e+02 4.789234662894159555e-04 3.473889082670211792e-03
6.880000000000000000e+02 6.880000000000000000e+02 4.492856096476316452e-04 3.438653424382209778e-03
6.960000000000000000e+02 6.960000000000000000e+02 3.695620107464492321e-04 3.167599672451615334e-03
7.040000000000000000e+02 7.040000000000000000e+02 5.044540157541632652e-04 3.519506426528096199e-03
7.120000000000000000e+02 7.120000000000000000e+02 4.204677534289658070e-04 3.274231916293501854e-03
7.200000000000000000e+02 7.200000000000000000e+02 3.848909982480108738e-04 3.171269549056887627e-03
7.290000000000000000e+02 7.290000000000000000e+02 3.149390104226768017e-04 3.006972838193178177e-03
7.370000000000000000e+02 7.370000000000000000e+02 4.073827003594487906e-04 3.240385558456182480e-03
7.460000000000000000e+02 7.460000000000000000e+02 4.186879377812147141e-04 3.225611522793769836e-03
7.540000000000000000e+02 7.540000000000000000e+02 3.204462700523436069e-04 3.004173748195171356e-03
7.630000000000000000e+02 7.630000000000000000e+02 4.324814362917095423e-04 3.347895340994000435e-03
7.720000000000000000e+02 7.720000000000000000e+02 3.904579207301139832e-04 3.137074876576662064e-03
7.810000000000000000e+02 7.810000000000000000e+02 3.088809899054467678e-04 2.967702224850654602e-03
7.900000000000000000e+02 7.900000000000000000e+02 3.157453320454806089e-04 3.061952069401741028e-03
7.990000000000000000e+02 7.990000000000000000e+02 4.251988721080124378e-04 3.368957433849573135e-03
8.080000000000000000e+02 8.080000000000000000e+02 3.563858917914330959e-04 3.069626633077859879e-03
8.180000000000000000e+02 8.180000000000000000e+02 2.537411928642541170e-04 2.834199229255318642e-03
8.270000000000000000e+02 8.270000000000000000e+02 3.957831067964434624e-04 3.243605373427271843e-03
8.370000000000000000e+02 8.370000000000000000e+02 3.435505204834043980e-04 3.041958902031183243e-03
8.470000000000000000e+02 8.470000000000000000e+02 2.407502179266884923e-04 2.785487566143274307e-03
8.560000000000000000e+02 8.560000000000000000e+02 2.731324348133057356e-04 2.907082904130220413e-03
8.660000000000000000e+02 8.660000000000000000e+02 2.413723996141925454e-04 2.792249899357557297e-03
8.760000000000000000e+02 8.760000000000000000e+02 4.469579434953629971e-04 3.383912146091461182e-03
8.870000000000000000e+02 8.870000000000000000e+02 3.293162444606423378e-04 2.969835419207811356e-03
8.970000000000000000e+02 8.970000000000000000e+02 2.541434078011661768e-04 2.824232447892427444e-03
9.070000000000000000e+02 9.070000000000000000e+02 2.901981351897120476e-04 2.940573263913393021e-03
9.180000000000000000e+02 9.180000000000000000e+02 3.385767631698399782e-04 3.067092504352331161e-03
9.280000000000000000e+02 9.280000000000000000e+02 3.315146022941917181e-04 3.001879435032606125e-03
9.390000000000000000e+02 9.390000000000000000e+02 2.492397325113415718e-04 2.858751453459262848e-03
9.500000000000000000e+02 9.500000000000000000e+02 3.235230979043990374e-04 3.025238867849111557e-03
9.610000000000000000e+02 9.610000000000000000e+02 2.584019675850868225e-04 2.882377710193395615e-03
9.720000000000000000e+02 9.720000000000000000e+02 2.128867199644446373e-04 2.791580976918339729e-03
9.830000000000000000e+02 9.830000000000000000e+02 3.655648906715214252e-04 3.148720599710941315e-03
9.950000000000000000e+02 9.950000000000000000e+02 2.136216935468837619e-04 2.728200750425457954e-03
1.006000000000000000e+03 1.006000000000000000e+03 1.663938746787607670e-04 2.639698795974254608e-03
1.018000000000000000e+03 1.018000000000000000e+03 4.161412944085896015e-04 3.310188883915543556e-03
1.030000000000000000e+03 1.030000000000000000e+03 2.784731332212686539e-04 2.887429669499397278e-03
1.042000000000000000e+03 1.042000000000000000e+03 2.300727792317047715e-04 2.733191475272178650e-03
1.054000000000000000e+03 1.054000000000000000e+03 2.121965080732479692e-04 2.703367266803979874e-03
1.066000000000000000e+03 1.066000000000000000e+03 1.751963573042303324e-04 2.673159819096326828e-03
1.079000000000000000e+03 1.079000000000000000e+03 4.174738714937120676e-04 3.411092096939682961e-03
1.091000000000000000e+03 1.091000000000000000e+03 2.418623480480164289e-04 2.793587744235992432e-03
1.104000000000000000e+03 1.104000000000000000e+03 2.775129396468400955e-04 2.881076652556657791e-03
1.116000000000000000e+03 1.116000000000000000e+03 2.209152880823239684e-04 2.784812590107321739e-03
1.129000000000000000e+03 1.129000000000000000e+03 2.009736199397593737e-04 2.743199234828352928e-03
1.143000000000000000e+03 1.143000000000000000e+03 2.316306927241384983e-04 2.835847437381744385e-03
1.156000000000000000e+03 1.156000000000000000e+03 1.735920523060485721e-04 2.733636414632201195e-03
1.169000000000000000e+03 1.169000000000000000e+03 2.310194249730557203e-04 2.834091428667306900e-03
1.183000000000000000e+03 1.183000000000000000e+03 1.830197870731353760e-04 2.667457796633243561e-03
1.196000000000000000e+03 1.196000000000000000e+03 2.449791063554584980e-04 2.873055869713425636e-03
1.210000000000000000e+03 1.210000000000000000e+03 1.733139506541192532e-04 2.647663699463009834e-03
1.224000000000000000e+03 1.224000000000000000e+03 1.613561616977676749e-04 2.671290654689073563e-03
1.239000000000000000e+03 1.239000000000000000e+03 2.268628159072250128e-04 2.872392535209655762e-03
1.253000000000000000e+03 1.253000000000000000e+03 2.515571541152894497e-04 2.878867089748382568e-03
1.267000000000000000e+03 1.267000000000000000e+03 2.619745500851422548e-04 2.882157219573855400e-03
1.282000000000000000e+03 1.282000000000000000e+03 1.585895370226353407e-04 2.640011254698038101e-03
1.297000000000000000e+03 1.297000000000000000e+03 2.002255641855299473e-04 2.744161523878574371e-03
1.312000000000000000e+03 1.312000000000000000e+03 1.356826251139864326e-04 2.585632726550102234e-03
1.327000000000000000e+03 1.327000000000000000e+03 1.682561123743653297e-04 2.759192138910293579e-03
1.343000000000000000e+03 1.343000000000000000e+03 1.522564562037587166e-04 2.599524101242423058e-03
1.358000000000000000e+03 1.358000000000000000e+03 1.193842690554447472e-04 2.595781115815043449e-03
1.374000000000000000e+03 1.374000000000000000e+03 1.994262274820357561e-04 2.796837594360113144e-03
1.390000000000000000e+03 1.390000000000000000e+03 2.327508991584181786e-04 2.818006090819835663e-03
1.406000000000000000e+03 1.406000000000000000e+03 1.370225800201296806e-04 2.584169385954737663e-03
1.422000000000000000e+03 1.422000000000000000e+03 1.260223361896350980e-04 2.560815308243036270e-03
1.439000000000000000e+03 1.439000000000000000e+03 1.039945418597199023e-04 2.563133370131254196e-03
1.455000000000000000e+03 1.455000000000000000e+03 2.600052976049482822e-04 2.981576602905988693e-03
1.472000000000000000e+03 1.472000000000000000e+03 2.632022369652986526e-04 2.838251180946826935e-03
1.489000000000000000e+03 1.489000000000000000e+03 1.878044568002223969e-04 2.698085736483335495e-03
1.507000000000000000e+03 1.507000000000000000e+03 1.478808117099106312e-04 2.662226324900984764e-03
1.524000000000000000e+03 1.524000000000000000e+03 1.338203146588057280e-04 2.573427045717835426e-03
1.542000000000000000e+03 1.542000000000000000e+03 1.431034761480987072e-04 2.614852041006088257e-03
1.560000000000000000e+03 1.560000000000000000e+03 1.515672192908823490e-04 2.676958916708827019e-03
1.578000000000000000e+03 1.578000000000000000e+03 1.412932469975203276e-04 2.612857613712549210e-03
1.596000000000000000e+03 1.596000000000000000e+03 1.351298269582912326e-04 2.654710784554481506e-03
1.615000000000000000e+03 1.615000000000000000e+03 1.117552674259059131e-04 2.563768997788429260e-03
1.633000000000000000e+03 1.633000000000000000e+03 8.282804628834128380e-05 2.518484601750969887e-03
1.652000000000000000e+03 1.652000000000000000e+03 1.849503896664828062e-04 2.754005836322903633e-03
1.671000000000000000e+03 1.671000000000000000e+03 8.252196857938542962e-05 2.459096256643533707e-03
1.691000000000000000e+03 1.691000000000000000e+03 2.198229485657066107e-04 2.857084386050701141e-03
1.710000000000000000e+03 1.710000000000000000e+03 1.989467855310067534e-04 2.755446825176477432e-03
1.730000000000000000e+03 1.730000000000000000e+03 1.248756889253854752e-04 2.568529918789863586e-03
1.750000000000000000e+03 1.750000000000000000e+03 1.819441822590306401e-04 2.750460524111986160e-03
1.771000000000000000e+03 1.771000000000000000e+03 7.416024163831025362e-05 2.460707444697618484e-03
1.791000000000000000e+03 1.791000000000000000e+03 2.033546334132552147e-04 2.801434602588415146e-03
1.812000000000000000e+03 1.812000000000000000e+03 7.766315684420987964e-05 2.494277898222208023e-03
1.833000000000000000e+03 1.833000000000000000e+03 9.066810889635235071e-05 2.526946365833282471e-03
1.854000000000000000e+03 1.854000000000000000e+03 6.593183206859976053e-05 2.475683111697435379e-03
1.876000000000000000e+03 1.876000000000000000e+03 1.170505129266530275e-04 2.593206707388162613e-03
1.897000000000000000e+03 1.897000000000000000e+03 9.163191134575754404e-05 2.500882372260093689e-03
1.919000000000000000e+03 1.919000000000000000e+03 5.905732541577890515e-05 2.435249509289860725e-03
1.942000000000000000e+03 1.942000000000000000e+03 1.075928157661110163e-04 2.524806186556816101e-03
1.964000000000000000e+03 1.964000000000000000e+03 7.902556535555049777e-05 2.463065553456544876e-03
1.987000000000000000e+03 1.987000000000000000e+03 1.235752715729176998e-04 2.635159064084291458e-03
2.010000000000000000e+03 2.010000000000000000e+03 2.279375330545008183e-04 2.857008250430226326e-03
2.033000000000000000e+03 2.033000000000000000e+03 5.733442958444356918e-04 3.634650260210037231e-03
2.057000000000000000e+03 2.057000000000000000e+03 3.926864301320165396e-04 3.183854743838310242e-03
2.081000000000000000e+03 2.081000000000000000e+03 1.917288755066692829e-04 2.659241203218698502e-03
2.105000000000000000e+03 2.105000000000000000e+03 1.746104098856449127e-04 2.726728795096278191e-03
2.129000000000000000e+03 2.129000000000000000e+03 1.637344394112005830e-04 2.710976172238588333e-03
2.154000000000000000e+03 2.154000000000000000e+03 9.117178706219419837e-05 2.446842845529317856e-03
2.179000000000000000e+03 2.179000000000000000e+03 1.555981871206313372e-04 2.583220601081848145e-03
2.204000000000000000e+03 2.204000000000000000e+03 7.247140456456691027e-05 2.434631343930959702e-03
2.230000000000000000e+03 2.230000000000000000e+03 8.745729428483173251e-05 2.469279337674379349e-03
2.256000000000000000e+03 2.256000000000000000e+03 1.259006676264107227e-04 2.566121751442551613e-03
2.282000000000000000e+03 2.282000000000000000e+03 5.485931251314468682e-05 2.413428854197263718e-03
2.308000000000000000e+03 2.308000000000000000e+03 1.560640230309218168e-04 2.678042510524392128e-03
2.335000000000000000e+03 2.335000000000000000e+03 4.849748802371323109e-05 2.351267961785197258e-03
2.362000000000000000e+03 2.362000000000000000e+03 5.494469951372593641e-05 2.362182596698403358e-03
2.389000000000000000e+03 2.389000000000000000e+03 6.052186290617100894e-05 2.426991704851388931e-03
2.417000000000000000e+03 2.417000000000000000e+03 7.456415914930403233e-05 2.394074574112892151e-03
2.445000000000000000e+03 2.445000000000000000e+03 7.530770380981266499e-05 2.395022194832563400e-03
2.473000000000000000e+03 2.473000000000000000e+03 4.827657539863139391e-05 2.366934437304735184e-03
2.502000000000000000e+03 2.502000000000000000e+03 8.314095612149685621e-05 2.485049422830343246e-03
2.531000000000000000e+03 2.531000000000000000e+03 3.065389682888053358e-05 2.339851576834917068e-03
2.560000000000000000e+03 2.560000000000000000e+03 8.314689330291002989e-05 2.429415471851825714e-03
2.590000000000000000e+03 2.590000000000000000e+03 6.156800372991710901e-05 2.406547311693429947e-03
2.620000000000000000e+03 2.620000000000000000e+03 5.516086457646451890e-05 2.384498016908764839e-03
2.651000000000000000e+03 2.651000000000000000e+03 5.943775613559409976e-05 2.402050886303186417e-03
2.681000000000000000e+03 2.681000000000000000e+03 3.218936763005331159e-05 2.335196826606988907e-03
2.712000000000000000e+03 2.712000000000000000e+03 8.299927867483347654e-05 2.424369333311915398e-03
2.744000000000000000e+03 2.744000000000000000e+03 9.456917177885770798e-05 2.427146304398775101e-03
2.776000000000000000e+03 2.776000000000000000e+03 3.713137994054704905e-05 2.333385171368718147e-03
2.808000000000000000e+03 2.808000000000000000e+03 7.463649671990424395e-05 2.422667574137449265e-03
2.840000000000000000e+03 2.840000000000000000e+03 3.834903473034501076e-04 3.091091522946953773e-03
2.873000000000000000e+03 2.873000000000000000e+03 1.343733310932293534e-04 2.487185411155223846e-03
2.907000000000000000e+03 2.907000000000000000e+03 1.319485891144722700e-04 2.487662713974714279e-03
2.940000000000000000e+03 2.940000000000000000e+03 7.240472768899053335e-05 2.335593570023775101e-03
2.974000000000000000e+03 2.974000000000000000e+03 6.695551564916968346e-05 2.366787986829876900e-03
3.009000000000000000e+03 3.009000000000000000e+03 3.155862214043736458e-05 2.250007819384336472e-03
3.044000000000000000e+03 3.044000000000000000e+03 2.646048051246907562e-05 2.264545997604727745e-03
3.079000000000000000e+03 3.079000000000000000e+03 7.891659333836287260e-05 2.389038214460015297e-03
3.115000000000000000e+03 3.115000000000000000e+03 5.344430246623232961e-05 2.381524303928017616e-03
3.151000000000000000e+03 3.151000000000000000e+03 2.588300594652537256e-05 2.284387126564979553e-03
3.187000000000000000e+03 3.187000000000000000e+03 3.854274109471589327e-05 2.314405748620629311e-03
3.224000000000000000e+03 3.224000000000000000e+03 2.490400947863236070e-05 2.278182888403534889e-03
3.262000000000000000e+03 3.262000000000000000e+03 1.664904702920466661e-04 2.577767474576830864e-03
3.300000000000000000e+03 3.300000000000000000e+03 2.830753510352224112e-04 2.786478260532021523e-03
3.338000000000000000e+03 3.338000000000000000e+03 1.641478447709232569e-04 2.550204284489154816e-03
3.376000000000000000e+03 3.376000000000000000e+03 1.299206342082470655e-04 2.478832378983497620e-03
3.416000000000000000e+03 3.416000000000000000e+03 8.858525688992813230e-05 2.421674318611621857e-03
3.455000000000000000e+03 3.455000000000000000e+03 9.757463703863322735e-05 2.432148903608322144e-03
3.495000000000000000e+03 3.495000000000000000e+03 5.510599294211715460e-05 2.345025772228837013e-03
3.536000000000000000e+03 3.536000000000000000e+03 5.250282265478745103e-05 2.306950045749545097e-03
3.577000000000000000e+03 3.577000000000000000e+03 4.043577064294368029e-05 2.306254580616950989e-03
3.618000000000000000e+03 3.618000000000000000e+03 2.943095569207798690e-05 2.296942519024014473e-03
3.660000000000000000e+03 3.660000000000000000e+03 3.050374471058603376e-05 2.283493056893348694e-03
3.703000000000000000e+03 3.703000000000000000e+03 3.459079380263574421e-05 2.291559707373380661e-03
3.746000000000000000e+03 3.746000000000000000e+03 1.952268212335184216e-05 2.286941744387149811e-03
3.789000000000000000e+03 3.789000000000000000e+03 4.645680382964201272e-05 2.279841806739568710e-03
3.833000000000000000e+03 3.833000000000000000e+03 9.689231228549033403e-05 2.485480159521102905e-03
3.877000000000000000e+03 3.877000000000000000e+03 3.137012390652671456e-05 2.241953974589705467e-03
3.922000000000000000e+03 3.922000000000000000e+03 2.060631595668382943e-05 2.252887934446334839e-03
3.968000000000000000e+03 3.968000000000000000e+03 1.768823858583346009e-05 2.249066485092043877e-03
4.014000000000000000e+03 4.014000000000000000e+03 2.519019108149223030e-05 2.268050098791718483e-03
4.060000000000000000e+03 4.060000000000000000e+03 6.486894562840461731e-04 3.557160496711730957e-03
4.107000000000000000e+03 4.107000000000000000e+03 1.870480191428214312e-04 2.526109572499990463e-03
4.155000000000000000e+03 4.155000000000000000e+03 6.437127740355208516e-05 2.259746659547090530e-03
4.203000000000000000e+03 4.203000000000000000e+03 4.963950414094142616e-05 2.238109707832336426e-03
4.252000000000000000e+03 4.252000000000000000e+03 3.971346450271084905e-05 2.210884355008602142e-03
4.301000000000000000e+03 4.301000000000000000e+03 1.492428127676248550e-04 2.529080025851726532e-03
4.351000000000000000e+03 4.351000000000000000e+03 3.871474473271518946e-05 2.217872766777873039e-03
4.401000000000000000e+03 4.401000000000000000e+03 6.176537135615944862e-05 2.296303166076540947e-03
4.452000000000000000e+03 4.452000000000000000e+03 2.249704084533732384e-05 2.206705044955015182e-03
4.504000000000000000e+03 4.504000000000000000e+03 1.551751483930274844e-05 2.179633360356092453e-03
4.556000000000000000e+03 4.556000000000000000e+03 1.460834391764365137e-05 2.187613863497972488e-03
4.609000000000000000e+03 4.609000000000000000e+03 2.273598147439770401e-05 2.200375776737928391e-03
4.663000000000000000e+03 4.663000000000000000e+03 4.066588007844984531e-05 2.276859479025006294e-03
4.717000000000000000e+03 4.717000000000000000e+03 1.264454913325607777e-04 2.282335190102458000e-03
4.771000000000000000e+03 4.771000000000000000e+03 1.038885166053660214e-04 2.315087709575891495e-03
4.827000000000000000e+03 4.827000000000000000e+03 5.174541001906618476e-05 2.234131796285510063e-03
4.882000000000000000e+03 4.882000000000000000e+03 1.270488719455897808e-04 2.467349171638488770e-03
4.939000000000000000e+03 4.939000000000000000e+03 2.831093661370687187e-05 2.165884710848331451e-03
4.996000000000000000e+03 4.996000000000000000e+03 1.231289479619590566e-05 2.132504712790250778e-03
5.054000000000000000e+03 5.054000000000000000e+03 1.198672816826729104e-05 2.130443695932626724e-03
5.113000000000000000e+03 5.113000000000000000e+03 4.847925447393208742e-04 3.335058689117431641e-03
5.172000000000000000e+03 5.172000000000000000e+03 6.176845636218786240e-05 2.233519451692700386e-03
5.232000000000000000e+03 5.232000000000000000e+03 2.904615394072607160e-05 2.173274289816617966e-03
5.293000000000000000e+03 5.293000000000000000e+03 1.122593093896284699e-04 2.366275992244482040e-03
5.354000000000000000e+03 5.354000000000000000e+03 4.275672472431324422e-05 2.229641657322645187e-03
5.416000000000000000e+03 5.416000000000000000e+03 4.929233546135947108e-05 2.235664986073970795e-03
5.479000000000000000e+03 5.479000000000000000e+03 3.679204382933676243e-05 2.220021095126867294e-03
5.542000000000000000e+03 5.542000000000000000e+03 7.534790347563102841e-05 2.333271782845258713e-03
5.607000000000000000e+03 5.607000000000000000e+03 3.776473749894648790e-05 2.216070424765348434e-03
5.672000000000000000e+03 5.672000000000000000e+03 1.139462983701378107e-05 2.153466921299695969e-03
5.737000000000000000e+03 5.737000000000000000e+03 8.307112693728413433e-06 2.152849920094013214e-03
5.804000000000000000e+03 5.804000000000000000e+03 4.042622822453267872e-05 2.212005201727151871e-03
5.871000000000000000e+03 5.871000000000000000e+03 7.965520126163028181e-06 2.144527388736605644e-03
5.939000000000000000e+03 5.939000000000000000e+03 1.794963827705942094e-05 2.181281335651874542e-03
6.008000000000000000e+03 6.008000000000000000e+03 1.272429290111176670e-05 2.154952380806207657e-03
6.078000000000000000e+03 6.078000000000000000e+03 5.980338755762204528e-06 2.157456474378705025e-03
6.148000000000000000e+03 6.148000000000000000e+03 2.011129981838166714e-05 2.153085079044103622e-03
6.220000000000000000e+03 6.220000000000000000e+03 9.488826435699593276e-06 2.156835980713367462e-03
6.292000000000000000e+03 6.292000000000000000e+03 6.275350642681587487e-06 2.138301264494657516e-03
6.365000000000000000e+03 6.365000000000000000e+03 2.723328179854433984e-05 2.204966964200139046e-03
6.438000000000000000e+03 6.438000000000000000e+03 2.512836654204875231e-04 2.625040011480450630e-03
6.513000000000000000e+03 6.513000000000000000e+03 1.411799021298065782e-04 2.346843481063842773e-03
6.588000000000000000e+03 6.588000000000000000e+03 1.373548293486237526e-04 2.350358758121728897e-03
6.665000000000000000e+03 6.665000000000000000e+03 4.973640898242592812e-05 2.187741920351982117e-03
6.742000000000000000e+03 6.742000000000000000e+03 4.464924131752923131e-05 2.183462958782911301e-03
6.820000000000000000e+03 6.820000000000000000e+03 3.416385152377188206e-05 2.171521540731191635e-03
6.899000000000000000e+03 6.899000000000000000e+03 2.484317155904136598e-05 2.129552420228719711e-03
6.979000000000000000e+03 6.979000000000000000e+03 3.855914110317826271e-05 2.169012092053890228e-03
7.060000000000000000e+03 7.060000000000000000e+03 4.758676732308231294e-05 2.232856815680861473e-03
7.142000000000000000e+03 7.142000000000000000e+03 1.180472554551670328e-05 2.126869047060608864e-03
7.225000000000000000e+03 7.225000000000000000e+03 1.156099824584089220e-05 2.108695218339562416e-03
7.309000000000000000e+03 7.309000000000000000e+03 8.255483407992869616e-06 2.102915197610855103e-03
7.393000000000000000e+03 7.393000000000000000e+03 1.211891685670707375e-05 2.116320189088582993e-03
7.479000000000000000e+03 7.479000000000000000e+03 9.716713066154625267e-06 2.090119756758213043e-03
7.566000000000000000e+03 7.566000000000000000e+03 6.059308361727744341e-06 2.090417779982089996e-03
7.653000000000000000e+03 7.653000000000000000e+03 1.694853381195571274e-05 2.131781075149774551e-03
7.742000000000000000e+03 7.742000000000000000e+03 1.423725625500082970e-04 2.380062360316514969e-03
7.832000000000000000e+03 7.832000000000000000e+03 2.164754732802975923e-05 2.064445987343788147e-03
7.923000000000000000e+03 7.923000000000000000e+03 1.659368717810139060e-05 2.041355008259415627e-03
8.014000000000000000e+03 8.014000000000000000e+03 1.558503936394117773e-05 2.062686719000339508e-03
8.107000000000000000e+03 8.107000000000000000e+03 1.340911967417923734e-05 2.050181385129690170e-03
8.201000000000000000e+03 8.201000000000000000e+03 3.086523520323680714e-06 2.035811310634016991e-03
8.296000000000000000e+03 8.296000000000000000e+03 1.245839957846328616e-04 2.244813833385705948e-03
8.393000000000000000e+03 8.393000000000000000e+03 5.410433368524536490e-05 2.084583044052124023e-03
8.490000000000000000e+03 8.490000000000000000e+03 3.234208270441740751e-05 2.058867365121841431e-03
8.588000000000000000e+03 8.588000000000000000e+03 8.568459634261671454e-06 2.012961544096469879e-03
8.688000000000000000e+03 8.688000000000000000e+03 1.023008280753856525e-05 2.021756023168563843e-03
8.789000000000000000e+03 8.789000000000000000e+03 1.621535193407908082e-05 2.060673199594020844e-03
8.890000000000000000e+03 8.890000000000000000e+03 6.795934496039990336e-06 2.032848075032234192e-03
8.993000000000000000e+03 8.993000000000000000e+03 4.898410679743392393e-06 2.016121521592140198e-03
9.098000000000000000e+03 9.098000000000000000e+03 5.367721769289346412e-06 2.014911267906427383e-03
9.203000000000000000e+03 9.203000000000000000e+03 2.629013124533230439e-06 2.004359848797321320e-03
9.310000000000000000e+03 9.310000000000000000e+03 4.634296146832639351e-06 2.011244185268878937e-03
9.418000000000000000e+03 9.418000000000000000e+03 1.107671596400905401e-05 2.046768087893724442e-03
9.527000000000000000e+03 9.527000000000000000e+03 1.764628395903855562e-04 2.400879282504320145e-03
9.637000000000000000e+03 9.637000000000000000e+03 2.856482933566439897e-05 2.037024591118097305e-03
9.749000000000000000e+03 9.749000000000000000e+03 1.827899541240185499e-05 2.036836696788668633e-03
9.862000000000000000e+03 9.862000000000000000e+03 1.141513985203346238e-05 2.039655344560742378e-03
9.976000000000000000e+03 9.976000000000000000e+03 1.787192559277173132e-05 2.015856560319662094e-03
1.009200000000000000e+04 1.009200000000000000e+04 1.477680780226364732e-05 2.012870972976088524e-03
1.020900000000000000e+04 1.020900000000000000e+04 5.612754648609552532e-06 1.998297637328505516e-03
1.032700000000000000e+04 1.032700000000000000e+04 8.890119715943001211e-06 2.015334554016590118e-03
1.044700000000000000e+04 1.044700000000000000e+04 4.075011020177043974e-06 1.987925264984369278e-03
1.056800000000000000e+04 1.056800000000000000e+04 4.872536919720005244e-06 2.000997541472315788e-03
1.069100000000000000e+04 1.069100000000000000e+04 3.118191380053758621e-04 2.674243878573179245e-03
1.081500000000000000e+04 1.081500000000000000e+04 3.004890822921879590e-05 1.999904168769717216e-03
1.094000000000000000e+04 1.094000000000000000e+04 1.738598439260385931e-05 2.013131044805049896e-03
1.106700000000000000e+04 1.106700000000000000e+04 9.309314918937161565e-06 1.999184954911470413e-03
1.119500000000000000e+04 1.119500000000000000e+04 4.476501089811790735e-06 1.992208883166313171e-03
1.132500000000000000e+04 1.132500000000000000e+04 6.844554263807367533e-06 2.005069283768534660e-03
1.145600000000000000e+04 1.145600000000000000e+04 2.006583054026123136e-05 2.040490508079528809e-03
1.158900000000000000e+04 1.158900000000000000e+04 1.271243309020064771e-05 1.975931692868471146e-03
1.172300000000000000e+04 1.172300000000000000e+04 4.407273081596940756e-06 1.989821903407573700e-03
1.185900000000000000e+04 1.185900000000000000e+04 9.445086107007227838e-06 2.003400120884180069e-03
1.199700000000000000e+04 1.199700000000000000e+04 2.062750809272984043e-06 1.989656826481223106e-03
1.213600000000000000e+04 1.213600000000000000e+04 1.041573523252736777e-05 2.010819036513566971e-03
1.227600000000000000e+04 1.227600000000000000e+04 1.420141052221879363e-04 2.258663065731525421e-03
1.241900000000000000e+04 1.241900000000000000e+04 2.428749940008856356e-05 2.006663475185632706e-03
1.256300000000000000e+04 1.256300000000000000e+04 2.294820842507760972e-05 2.034273929893970490e-03
1.270800000000000000e+04 1.270800000000000000e+04 7.144472419895464554e-06 2.004395006224513054e-03
1.285500000000000000e+04 1.285500000000000000e+04 4.343405817053280771e-05 2.048155292868614197e-03
1.300500000000000000e+04 1.300500000000000000e+04 1.810909088817425072e-05 1.974311191588640213e-03
1.315500000000000000e+04 1.315500000000000000e+04 6.768359526176936924e-06 1.947347540408372879e-03
1.330800000000000000e+04 1.330800000000000000e+04 7.664577424293383956e-06 1.972252735868096352e-03
1.346200000000000000e+04 1.346200000000000000e+04 3.894756900990614668e-06 1.966184237971901894e-03
1.361800000000000000e+04 1.361800000000000000e+04 6.660322014795383438e-06 1.924642943777143955e-03
1.377600000000000000e+04 1.377600000000000000e+04 1.009101470117457211e-05 1.938944915309548378e-03
1.393600000000000000e+04 1.393600000000000000e+04 1.036697176459711045e-05 1.947667682543396950e-03
1.409700000000000000e+04 1.409700000000000000e+04 4.589977834257297218e-06 1.931745791807770729e-03
1.426100000000000000e+04 1.426100000000000000e+04 7.542275852756574750e-06 1.927477773278951645e-03
1.442600000000000000e+04 1.442600000000000000e+04 2.955224772449582815e-06 1.908665755763649940e-03
1.459300000000000000e+04 1.459300000000000000e+04 2.379376383032649755e-04 2.456433605402708054e-03
1.476200000000000000e+04 1.476200000000000000e+04 6.491905514849349856e-05 2.096541225910186768e-03
1.493300000000000000e+04 1.493300000000000000e+04 3.830800415016710758e-05 2.042540581896901131e-03
1.510600000000000000e+04 1.510600000000000000e+04 9.593672075425274670e-06 2.006846945732831955e-03
1.528200000000000000e+04 1.528200000000000000e+04 8.881963367457501590e-06 2.036385005339980125e-03
1.545900000000000000e+04 1.545900000000000000e+04 5.636779860651586205e-06 2.041193190962076187e-03
1.563800000000000000e+04 1.563800000000000000e+04 5.346477337297983468e-06 2.024870133027434349e-03
1.581900000000000000e+04 1.581900000000000000e+04 1.343051844742149115e-04 2.191597362980246544e-03
1.600200000000000000e+04 1.600200000000000000e+04 1.863346915342845023e-05 1.977375708520412445e-03
1.618800000000000000e+04 1.618800000000000000e+04 1.412095207342645153e-05 1.998152583837509155e-03
1.637600000000000000e+04 1.637600000000000000e+04 1.473755401093512774e-05 2.011199714615941048e-03
1.656500000000000000e+04 1.656500000000000000e+04 4.433674348547356203e-06 1.981209497898817062e-03
1.675700000000000000e+04 1.675700000000000000e+04 2.772321067823213525e-06 1.961977453902363777e-03
1.695200000000000000e+04 1.695200000000000000e+04 4.089456524525303394e-06 1.975811086595058441e-03
1.714800000000000000e+04 1.714800000000000000e+04 7.261012797243893147e-06 1.956980675458908081e-03
1.734700000000000000e+04 1.734700000000000000e+04 1.875568850664421916e-04 2.273518592119216919e-03
1.754800000000000000e+04 1.754800000000000000e+04 7.842651029932312667e-06 1.933270948939025402e-03
1.775100000000000000e+04 1.775100000000000000e+04 4.211874966131290421e-06 1.944729825481772423e-03
1.795700000000000000e+04 1.795700000000000000e+04 3.190855750290211290e-06 1.949433702975511551e-03
1.816500000000000000e+04 1.816500000000000000e+04 2.494582622603047639e-05 1.984566450119018555e-03
1.837600000000000000e+04 1.837600000000000000e+04 3.901322543242713436e-06 1.935655134730041027e-03
1.858900000000000000e+04 1.858900000000000000e+04 2.200585413447697647e-06 1.933450694195926189e-03
1.880400000000000000e+04 1.880400000000000000e+04 2.299282414242043160e-06 1.926597091369330883e-03
1.902200000000000000e+04 1.902200000000000000e+04 1.824279252105043270e-06 1.920499256812036037e-03
1.924300000000000000e+04 1.924300000000000000e+04 3.533505832820083015e-06 1.919967820867896080e-03
1.946600000000000000e+04 1.946600000000000000e+04 6.810697414039168507e-06 1.921929884701967239e-03
1.969200000000000000e+04 1.969200000000000000e+04 3.420576103962957859e-05 2.011808566749095917e-03
1.992000000000000000e+04 1.992000000000000000e+04 1.389464978274190798e-05 1.844118116423487663e-03
2.015100000000000000e+04 2.015100000000000000e+04 6.136015144875273108e-06 1.813171897083520889e-03
2.038400000000000000e+04 2.038400000000000000e+04 1.319001239608041942e-05 1.841952442191541195e-03
2.062100000000000000e+04 2.062100000000000000e+04 2.189537781305261888e-06 1.820002915337681770e-03
2.086000000000000000e+04 2.086000000000000000e+04 4.448352228791918606e-06 1.837200950831174850e-03
2.110100000000000000e+04 2.110100000000000000e+04 2.988874712173128501e-06 1.829296350479125977e-03
2.134600000000000000e+04 2.134600000000000000e+04 4.331625859776977450e-06 1.784488558769226074e-03
2.159300000000000000e+04 2.159300000000000000e+04 3.002567609655670822e-06 1.800991361960768700e-03
2.184400000000000000e+04 2.184400000000000000e+04 1.468289337935857475e-05 1.812145113945007324e-03
2.209700000000000000e+04 2.209700000000000000e+04 3.392587586859008297e-06 1.773010240867733955e-03
2.235300000000000000e+04 2.235300000000000000e+04 2.616614892758661881e-06 1.767999259755015373e-03
2.261200000000000000e+04 2.261200000000000000e+04 3.598669081839034334e-06 1.783065730705857277e-03
2.287400000000000000e+04 2.287400000000000000e+04 1.920728664117632434e-06 1.775122014805674553e-03
2.313900000000000000e+04 2.313900000000000000e+04 5.705272542400052771e-06 1.783581683412194252e-03
2.340800000000000000e+04 2.340800000000000000e+04 1.128158146457280964e-05 1.876986701972782612e-03
2.367900000000000000e+04 2.367900000000000000e+04 4.347111371316714212e-06 1.911966246552765369e-03
2.395300000000000000e+04 2.395300000000000000e+04 3.928329988411860541e-06 1.914466032758355141e-03
2.423100000000000000e+04 2.423100000000000000e+04 5.079715265310369432e-06 1.896133180707693100e-03
2.451200000000000000e+04 2.451200000000000000e+04 1.607530293767922558e-06 1.912329462356865406e-03
2.479600000000000000e+04 2.479600000000000000e+04 5.847517968504689634e-06 1.924330368638038635e-03
2.508300000000000000e+04 2.508300000000000000e+04 2.689206303330138326e-05 1.880383817479014397e-03
2.537400000000000000e+04 2.537400000000000000e+04 3.722090013980050571e-06 1.843986334279179573e-03
2.566800000000000000e+04 2.566800000000000000e+04 3.701737568917451426e-06 1.854920759797096252e-03
2.596600000000000000e+04 2.596600000000000000e+04 5.823279025207739323e-06 1.846006605774164200e-03
2.626700000000000000e+04 2.626700000000000000e+04 1.584138431098836008e-06 1.852371380664408207e-03
2.657100000000000000e+04 2.657100000000000000e+04 4.131750756641849875e-06 1.794884097762405872e-03
2.687900000000000000e+04 2.687900000000000000e+04 4.345582055975683033e-06 1.801956794224679470e-03
2.719100000000000000e+04 2.719100000000000000e+04 4.966008418705314398e-06 1.799358753487467766e-03
2.750600000000000000e+04 2.750600000000000000e+04 2.906605914176907390e-06 1.799708697944879532e-03
2.782500000000000000e+04 2.782500000000000000e+04 1.633813008083961904e-05 1.875987392850220203e-03
2.814700000000000000e+04 2.814700000000000000e+04 4.663541403715498745e-06 1.907825469970703125e-03
2.847400000000000000e+04 2.847400000000000000e+04 3.988215667050099000e-06 1.921371323987841606e-03
2.880400000000000000e+04 2.880400000000000000e+04 4.219651600578799844e-06 1.908951206132769585e-03
2.913800000000000000e+04 2.913800000000000000e+04 5.752418019255856052e-06 1.907379482872784138e-03
2.947500000000000000e+04 2.947500000000000000e+04 2.582856495791929774e-06 1.891402644105255604e-03
2.981700000000000000e+04 2.981700000000000000e+04 1.089918805519118905e-05 1.830694149248301983e-03
3.016300000000000000e+04 3.016300000000000000e+04 8.393684765906073153e-06 1.814271789044141769e-03
3.051200000000000000e+04 3.051200000000000000e+04 3.404456492717145011e-06 1.837963820435106754e-03
3.086600000000000000e+04 3.086600000000000000e+04 1.262226078324601986e-06 1.831313711591064930e-03
3.122400000000000000e+04 3.122400000000000000e+04 1.264151705981930718e-06 1.831299392506480217e-03
3.158600000000000000e+04 3.158600000000000000e+04 3.365280690559302457e-06 1.811419497244060040e-03
3.195200000000000000e+04 3.195200000000000000e+04 1.756189249135786667e-06 1.808166736736893654e-03
3.232200000000000000e+04 3.232200000000000000e+04 1.799876486074936111e-06 1.821718877181410789e-03
3.269700000000000000e+04 3.269700000000000000e+04 5.025754035159479827e-06 1.782837556675076485e-03
3.307600000000000000e+04 3.307600000000000000e+04 2.978598331537796184e-06 1.796032651327550411e-03
3.345900000000000000e+04 3.345900000000000000e+04 2.473346967235556804e-06 1.825674669817090034e-03
3.384700000000000000e+04 3.384700000000000000e+04 2.188828830185229890e-06 1.813033828511834145e-03
3.423900000000000000e+04 3.423900000000000000e+04 2.699871174627332948e-06 1.830391003750264645e-03
3.463600000000000000e+04 3.463600000000000000e+04 4.349501978140324354e-06 1.835759496316313744e-03
3.503800000000000000e+04 3.503800000000000000e+04 2.142847733921371400e-06 1.880176481790840626e-03
3.544400000000000000e+04 3.544400000000000000e+04 5.022541699872817844e-06 1.892343279905617237e-03
3.585500000000000000e+04 3.585500000000000000e+04 3.394982741156127304e-06 1.783320447430014610e-03
3.627000000000000000e+04 3.627000000000000000e+04 2.073057885354501195e-06 1.823352300561964512e-03
3.669100000000000000e+04 3.669100000000000000e+04 2.103919541696086526e-06 1.824105973355472088e-03
3.711600000000000000e+04 3.711600000000000000e+04 2.770092578430194408e-06 1.825004699639976025e-03
3.754600000000000000e+04 3.754600000000000000e+04 8.820761649985797703e-06 1.750205992721021175e-03
3.798100000000000000e+04 3.798100000000000000e+04 1.134495391852397006e-06 1.782618230208754539e-03
3.842200000000000000e+04 3.842200000000000000e+04 2.520898988223052584e-06 1.784279244020581245e-03
3.886700000000000000e+04 3.886700000000000000e+04 4.061374056618660688e-06 1.806615618988871574e-03
3.931700000000000000e+04 3.931700000000000000e+04 2.192983174609253183e-06 1.758595928549766541e-03
3.977300000000000000e+04 3.977300000000000000e+04 1.111101482820231467e-06 1.758477184921503067e-03
4.023400000000000000e+04 4.023400000000000000e+04 1.042035478349134792e-06 1.749966293573379517e-03
4.070100000000000000e+04 4.070100000000000000e+04 6.434815418288053479e-07 1.753376331180334091e-03
4.117200000000000000e+04 4.117200000000000000e+04 3.377122084202710539e-06 1.726035145111382008e-03
4.165000000000000000e+04 4.165000000000000000e+04 2.590728627183125354e-06 1.749570830725133419e-03
4.213200000000000000e+04 4.213200000000000000e+04 1.356496568405418657e-06 1.750962226651608944e-03
4.262100000000000000e+04 4.262100000000000000e+04 1.545935901958728209e-06 1.737841172143816948e-03
4.311500000000000000e+04 4.311500000000000000e+04 1.789037196431308985e-05 1.741215004585683346e-03
4.361400000000000000e+04 4.361400000000000000e+04 1.008479557640384883e-06 1.742042833939194679e-03
4.412000000000000000e+04 4.412000000000000000e+04 8.259173114311124664e-07 1.739897532388567924e-03
4.463100000000000000e+04 4.463100000000000000e+04 8.602226557741232682e-07 1.730854623019695282e-03
4.514900000000000000e+04 4.514900000000000000e+04 9.105980893764353823e-07 1.730774296447634697e-03
4.567200000000000000e+04 4.567200000000000000e+04 6.255553444134420715e-07 1.727803377434611320e-03
4.620100000000000000e+04 4.620100000000000000e+04 3.875660695484839380e-06 1.766397967003285885e-03
4.673700000000000000e+04 4.673700000000000000e+04 2.877260158129502088e-06 1.781576545909047127e-03
4.727900000000000000e+04 4.727900000000000000e+04 8.172540901796310209e-07 1.776485587470233440e-03
4.782700000000000000e+04 4.782700000000000000e+04 8.871487580108805560e-07 1.753174467012286186e-03
4.838100000000000000e+04 4.838100000000000000e+04 7.781776503179571591e-07 1.757201505824923515e-03
4.894200000000000000e+04 4.894200000000000000e+04 1.180228764496860094e-06 1.733433920890092850e-03
4.950900000000000000e+04 4.950900000000000000e+04 1.015451857711013872e-06 1.738219172693789005e-03
5.008300000000000000e+04 5.008300000000000000e+04 1.149312652160006110e-06 1.728842849843204021e-03
5.066400000000000000e+04 5.066400000000000000e+04 3.906237907358445227e-06 1.741171581670641899e-03
5.125100000000000000e+04 5.125100000000000000e+04 9.131978231380344369e-07 1.722562708891928196e-03
5.184500000000000000e+04 5.184500000000000000e+04 7.107292390173824970e-07 1.714548328891396523e-03
5.244600000000000000e+04 5.244600000000000000e+04 6.054735308680392336e-07 1.712915371172130108e-03
5.305400000000000000e+04 5.305400000000000000e+04 2.284519268869189546e-06 1.778736710548400879e-03
5.366900000000000000e+04 5.366900000000000000e+04 7.208819852166925557e-07 1.797718927264213562e-03
5.429100000000000000e+04 5.429100000000000000e+04 9.786872396944090724e-07 1.790825976058840752e-03
5.492000000000000000e+04 5.492000000000000000e+04 5.831129783473443240e-07 1.785345142707228661e-03
5.555700000000000000e+04 5.555700000000000000e+04 5.832066563016269356e-07 1.781752100214362144e-03
5.620100000000000000e+04 5.620100000000000000e+04 4.036635061765991850e-07 1.772108138538897038e-03
5.685200000000000000e+04 5.685200000000000000e+04 1.747857822920195758e-06 1.766146160662174225e-03
5.751100000000000000e+04 5.751100000000000000e+04 1.483699406890082173e-06 1.760972663760185242e-03
5.817800000000000000e+04 5.817800000000000000e+04 1.136060404860472772e-06 1.780452206730842590e-03
5.885200000000000000e+04 5.885200000000000000e+04 2.401979600108461455e-06 1.788143184967339039e-03
5.953400000000000000e+04 5.953400000000000000e+04 5.717469662158691790e-07 1.771790441125631332e-03
6.022400000000000000e+04 6.022400000000000000e+04 7.483331501134671271e-07 1.785581000149250031e-03
6.092200000000000000e+04 6.092200000000000000e+04 2.155098854927928187e-06 1.750573166646063328e-03
6.162900000000000000e+04 6.162900000000000000e+04 1.836180217651417479e-06 1.764546497724950314e-03
6.234300000000000000e+04 6.234300000000000000e+04 9.005495371638971847e-07 1.762750558555126190e-03
6.306600000000000000e+04 6.306600000000000000e+04 5.833339855598751456e-07 1.753119751811027527e-03
6.379700000000000000e+04 6.379700000000000000e+04 8.419451660302001983e-07 1.771600102074444294e-03
6.453600000000000000e+04 6.453600000000000000e+04 1.141620714406599291e-06 1.775639713741838932e-03
6.528400000000000000e+04 6.528400000000000000e+04 3.006211386491486337e-07 1.770328730344772339e-03
6.604100000000000000e+04 6.604100000000000000e+04 4.013387524537392892e-07 1.737152808345854282e-03
6.680600000000000000e+04 6.680600000000000000e+04 5.233619049249682575e-07 1.742383698001503944e-03
6.758100000000000000e+04 6.758100000000000000e+04 4.267536951374495402e-06 1.789379282854497433e-03
6.836400000000000000e+04 6.836400000000000000e+04 1.509511207586911041e-06 1.782888546586036682e-03
6.915600000000000000e+04 6.915600000000000000e+04 3.914900332802062621e-07 1.784443855285644531e-03
6.995800000000000000e+04 6.995800000000000000e+04 7.363897793766227551e-07 1.784293446689844131e-03
7.076900000000000000e+04 7.076900000000000000e+04 3.325690386191126890e-06 1.772437244653701782e-03
7.158900000000000000e+04 7.158900000000000000e+04 3.916744617527001537e-07 1.799540361389517784e-03
7.241900000000000000e+04 7.241900000000000000e+04 6.521398745462647639e-07 1.780560472980141640e-03
7.325800000000000000e+04 7.325800000000000000e+04 1.153432549472199753e-06 1.781538128852844238e-03
7.410800000000000000e+04 7.410800000000000000e+04 9.316494242739281617e-07 1.776539254933595657e-03
7.496700000000000000e+04 7.496700000000000000e+04 1.219147634401451796e-06 1.781601924449205399e-03
7.583600000000000000e+04 7.583600000000000000e+04 2.780669206003949512e-07 1.787875313311815262e-03
7.671500000000000000e+04 7.671500000000000000e+04 2.935848897323012352e-07 1.781309489160776138e-03
7.760400000000000000e+04 7.760400000000000000e+04 4.187050990367424674e-07 1.783655839972198009e-03
7.850300000000000000e+04 7.850300000000000000e+04 1.718067551337298937e-06 1.767471898347139359e-03
7.941300000000000000e+04 7.941300000000000000e+04 2.161653185339673655e-07 1.780418679118156433e-03
8.033400000000000000e+04 8.033400000000000000e+04 2.120294055885096896e-07 1.784369698725640774e-03
8.126500000000000000e+04 8.126500000000000000e+04 2.556484162141714478e-07 1.773795462213456631e-03
8.220700000000000000e+04 8.220700000000000000e+04 3.704811024363152683e-05 1.824726583436131477e-03
8.316000000000000000e+04 8.316000000000000000e+04 3.184651404808391817e-07 1.801268430426716805e-03
8.412400000000000000e+04 8.412400000000000000e+04 3.708194071805337444e-07 1.803416991606354713e-03
8.509900000000000000e+04 8.509900000000000000e+04 9.249652066500857472e-07 1.786547014489769936e-03
8.608500000000000000e+04 8.608500000000000000e+04 3.289272569872991880e-07 1.808716799132525921e-03
8.708300000000000000e+04 8.708300000000000000e+04 4.313353088036819827e-07 1.759112230502068996e-03
8.809200000000000000e+04 8.809200000000000000e+04 1.522118509456049651e-06 1.776861026883125305e-03
8.911300000000000000e+04 8.911300000000000000e+04 1.490085708155675093e-07 1.767240231856703758e-03
9.014600000000000000e+04 9.014600000000000000e+04 5.461769205794553272e-07 1.769962953403592110e-03
9.119100000000000000e+04 9.119100000000000000e+04 5.455867153614235576e-07 1.776272896677255630e-03
9.224800000000000000e+04 9.224800000000000000e+04 2.060016015548171708e-07 1.795384683646261692e-03
9.331800000000000000e+04 9.331800000000000000e+04 2.326014225673134206e-07 1.795209245756268501e-03
9.439900000000000000e+04 9.439900000000000000e+04 2.516313315936713479e-06 1.807411783374845982e-03
9.549300000000000000e+04 9.549300000000000000e+04 6.991884902163292281e-07 1.822458929382264614e-03
9.660000000000000000e+04 9.660000000000000000e+04 4.472097998586832546e-07 1.823304453864693642e-03
9.772000000000000000e+04 9.772000000000000000e+04 3.766213012568186969e-07 1.799220684915781021e-03
9.885300000000000000e+04 9.885300000000000000e+04 9.148354820354143158e-07 1.800209982320666313e-03
9.999800000000000000e+04 9.999800000000000000e+04 2.891974872909486294e-07 1.789694651961326599e-03
